1	101	0	0	1	8.234121	1
1	102	0	0	2	8.986209	2
1	103	101	102	1	9.128594	1
1	104	101	102	2	13.270074	2
1	105	101	102	2	5.712298	2
1	106	0	0	2	6.48298	2
1	107	0	0	1	5.173404	1
1	108	0	0	1	8.020642	2
1	109	103	106	1	10.643095	1
1	110	103	106	2	12.261811	2
1	111	103	106	1	5.882114	1
1	112	107	104	2	4.587388	2
1	113	107	104	1	9.91701	1
1	114	108	105	2	12.661089	2
1	115	108	105	1	4.598408	1
1	116	108	105	2	10.091232	2
2	201	0	0	1	16.748381	1			
2	202	0	0	2	10.043998	2			
2	203	201	202	1	7.672395	1		
2	204	201	202	2	9.117778	2			
2	205	201	202	2	7.379997	2			
2	206	0	0	2	9.330678	2			
2	207	0	0	1	4.498213	1			
2	208	0	0	1	7.977527	2			
2	209	203	206	1	8.980899	1			
2	210	203	206	2	6.756269	2			
2	211	203	206	1	6.104893	1			
2	212	207	204	2	4.756404	2			
2	213	207	204	1	4.514094	1			
2	214	208	205	2	6.846218	2			
2	215	208	205	1	13.019753	1			
2	216	208	205	2	7.732359	2			
3	301	0	0	1	8.59371	1
3	302	0	0	2	10.71374	2
3	303	301	302	1	7.678627	1
3	304	301	302	2	5.492218	2
3	305	301	302	2	10.003768	2
3	306	0	0	2	4.315278	2
3	307	0	0	1	11.249371	1
3	308	0	0	1	5.961647	2
3	309	303	306	1	11.021428	1
3	310	303	306	2	5.957563	2
3	311	303	306	1	6.736035	1
3	312	307	304	2	5.243943	2
3	313	307	304	1	4.749099	1
3	314	308	305	2	9.348171	2
3	315	308	305	1	11.755226	1
3	316	308	305	2	11.711754	2
4	401	0	0	1	6.183718	1
4	402	0	0	2	2.506972	2
4	403	401	402	1	4.401068	1
4	404	401	402	2	6.141762	2
4	405	401	402	2	11.648698	2
4	406	0	0	2	2.702937	2
4	407	0	0	1	4.480365	1
4	408	0	0	1	5.442842	2
4	409	403	406	1	6.279871	1
4	410	403	406	2	6.438283	2
4	411	403	406	1	8.275798	1
4	412	407	404	2	3.107204	2
4	413	407	404	1	10.509984	1
4	414	408	405	2	4.654724	2
4	415	408	405	1	0.476985	1
4	416	408	405	2	2.919304	2
5	501	0	0	1	13.566967	1
5	502	0	0	2	5.205453	2
5	503	501	502	1	6.683912	1
5	504	501	502	2	6.957832	2
5	505	501	502	2	8.740036	2
5	506	0	0	2	15.24068	2
5	507	0	0	1	3.939933	1
5	508	0	0	1	6.248816	2
5	509	503	506	1	9.641504	1
5	510	503	506	2	7.349441	2
5	511	503	506	1	10.781504	1
5	512	507	504	2	7.9568	2
5	513	507	504	1	4.830273	1
5	514	508	505	2	7.098742	2
5	515	508	505	1	3.830279	1
5	516	508	505	2	10.508607	2
6	601	0	0	1	8.296973	1
6	602	0	0	2	11.191558	2
6	603	601	602	1	8.957918	1
6	604	601	602	2	11.173785	2
6	605	601	602	2	13.708291	2
6	606	0	0	2	9.029041	2
6	607	0	0	1	7.580603	1
6	608	0	0	1	6.093158	2
6	609	603	606	1	10.056386	1
6	610	603	606	2	17.360819	2
6	611	603	606	1	6.807678	1
6	612	607	604	2	10.901439	2
6	613	607	604	1	9.24511	1
6	614	608	605	2	9.097315	2
6	615	608	605	1	14.344241	1
6	616	608	605	2	12.060621	2
7	701	0	0	1	12.783977	1
7	702	0	0	2	6.727573	2
7	703	701	702	1	8.30865	1
7	704	701	702	2	9.166536	2
7	705	701	702	2	6.280034	2
7	706	0	0	2	4.510066	2
7	707	0	0	1	6.252303	1
7	708	0	0	1	15.342297	2
7	709	703	706	1	11.349159	1
7	710	703	706	2	7.93262	2
7	711	703	706	1	11.838625	1
7	712	707	704	2	12.834312	2
7	713	707	704	1	9.322273	1
7	714	708	705	2	8.556881	2
7	715	708	705	1	9.218356	1
7	716	708	705	2	8.988523	2
8	801	0	0	1	8.023096	1
8	802	0	0	2	9.162614	2
8	803	801	802	1	7.224478	1
8	804	801	802	2	5.113571	2
8	805	801	802	2	12.416699	2
8	806	0	0	2	6.300452	2
8	807	0	0	1	5.782561	1
8	808	0	0	1	5.797253	2
8	809	803	806	1	12.154903	1
8	810	803	806	2	9.91602	2
8	811	803	806	1	11.799945	1
8	812	807	804	2	8.565899	2
8	813	807	804	1	6.897561	1
8	814	808	805	2	11.211696	2
8	815	808	805	1	5.64271	1
8	816	808	805	2	11.46314	2
9	901	0	0	1	5.679915	1
9	902	0	0	2	7.254547	2
9	903	901	902	1	2.720336	1
9	904	901	902	2	12.021114	2
9	905	901	902	2	1.857003	2
9	906	0	0	2	11.288503	2
9	907	0	0	1	5.238298	1
9	908	0	0	1	9.790699	2
9	909	903	906	1	9.684749	1
9	910	903	906	2	9.866396	2
9	911	903	906	1	5.159508	1
9	912	907	904	2	14.73301	2
9	913	907	904	1	-0.521375	1
9	914	908	905	2	10.011407	2
9	915	908	905	1	7.797192	1
9	916	908	905	2	6.766606	2
10	1001	0	0	1	7.664248	1
10	1002	0	0	2	6.180847	2
10	1003	1001	1002	1	-3.108588	1
10	1004	1001	1002	2	-1.242513	2
10	1005	1001	1002	2	4.712247	2
10	1006	0	0	2	8.050774	2
10	1007	0	0	1	5.042892	1
10	1008	0	0	1	2.850969	2
10	1009	1003	1006	1	6.413858	1
10	1010	1003	1006	2	3.573077	2
10	1011	1003	1006	1	-0.359898	1
10	1012	1007	1004	2	1.166819	2
10	1013	1007	1004	1	5.879464	1
10	1014	1008	1005	2	11.006182	2
10	1015	1008	1005	1	9.606331	1
10	1016	1008	1005	2	11.367603	2
11	1101	0	0	1	6.389924	1
11	1102	0	0	2	11.625508	2
11	1103	1101	1102	1	8.952198	1
11	1104	1101	1102	2	10.636859	2
11	1105	1101	1102	2	3.875236	2
11	1106	0	0	2	12.833025	2
11	1107	0	0	1	9.212603	1
11	1108	0	0	1	3.711028	2
11	1109	1103	1106	1	5.386017	1
11	1110	1103	1106	2	13.093625	2
11	1111	1103	1106	1	10.200213	1
11	1112	1107	1104	2	7.653379	2
11	1113	1107	1104	1	5.61886	1
11	1114	1108	1105	2	10.690515	2
11	1115	1108	1105	1	3.592378	1
11	1116	1108	1105	2	1.328923	2
12	1201	0	0	1	5.329606	1
12	1202	0	0	2	10.206948	2
12	1203	1201	1202	1	9.976393	1
12	1204	1201	1202	2	12.595336	2
12	1205	1201	1202	2	8.866907	2
12	1206	0	0	2	7.611318	2
12	1207	0	0	1	7.219631	1
12	1208	0	0	1	7.389418	2
12	1209	1203	1206	1	9.320636	1
12	1210	1203	1206	2	11.533269	2
12	1211	1203	1206	1	7.940657	1
12	1212	1207	1204	2	13.20984	2
12	1213	1207	1204	1	6.585102	1
12	1214	1208	1205	2	9.79429	2
12	1215	1208	1205	1	7.482092	1
12	1216	1208	1205	2	1.471993	2
13	1301	0	0	1	4.97136	1
13	1302	0	0	2	8.167709	2
13	1303	1301	1302	1	10.002554	1
13	1304	1301	1302	2	13.353231	2
13	1305	1301	1302	2	7.468369	2
13	1306	0	0	2	3.674271	2
13	1307	0	0	1	9.647395	1
13	1308	0	0	1	10.437833	2
13	1309	1303	1306	1	7.770292	1
13	1310	1303	1306	2	5.638792	2
13	1311	1303	1306	1	2.810053	1
13	1312	1307	1304	2	8.494727	2
13	1313	1307	1304	1	12.219728	1
13	1314	1308	1305	2	6.672403	2
13	1315	1308	1305	1	3.453909	1
13	1316	1308	1305	2	6.385639	2
14	1401	0	0	1	6.054304	1
14	1402	0	0	2	7.41331	2
14	1403	1401	1402	1	12.926318	1
14	1404	1401	1402	2	13.148739	2
14	1405	1401	1402	2	7.244406	2
14	1406	0	0	2	7.811482	2
14	1407	0	0	1	0.09353	1
14	1408	0	0	1	7.209188	2
14	1409	1403	1406	1	6.0378	1
14	1410	1403	1406	2	8.498605	2
14	1411	1403	1406	1	11.142357	1
14	1412	1407	1404	2	5.192414	2
14	1413	1407	1404	1	2.78796	1
14	1414	1408	1405	2	9.909274	2
14	1415	1408	1405	1	10.856641	1
14	1416	1408	1405	2	7.866351	2
15	1501	0	0	1	9.180051	1
15	1502	0	0	2	11.72355	2
15	1503	1501	1502	1	11.064729	1
15	1504	1501	1502	2	7.549107	2
15	1505	1501	1502	2	4.871591	2
15	1506	0	0	2	7.210445	2
15	1507	0	0	1	8.092298	1
15	1508	0	0	1	3.510929	2
15	1509	1503	1506	1	11.14353	1
15	1510	1503	1506	2	6.716226	2
15	1511	1503	1506	1	7.046755	1
15	1512	1507	1504	2	8.111838	2
15	1513	1507	1504	1	8.486043	1
15	1514	1508	1505	2	5.878124	2
15	1515	1508	1505	1	5.164024	1
15	1516	1508	1505	2	5.155592	2
16	1601	0	0	1	9.285806	1
16	1602	0	0	2	1.467096	2
16	1603	1601	1602	1	8.061596	1
16	1604	1601	1602	2	4.957497	2
16	1605	1601	1602	2	5.959052	2
16	1606	0	0	2	3.674234	2
16	1607	0	0	1	16.637388	1
16	1608	0	0	1	5.106793	2
16	1609	1603	1606	1	5.502879	1
16	1610	1603	1606	2	5.498342	2
16	1611	1603	1606	1	3.827176	1
16	1612	1607	1604	2	9.98755	2
16	1613	1607	1604	1	11.441371	1
16	1614	1608	1605	2	3.189482	2
16	1615	1608	1605	1	4.670497	1
16	1616	1608	1605	2	6.311952	2
17	1701	0	0	1	2.922692	1
17	1702	0	0	2	3.528062	2
17	1703	1701	1702	1	10.350092	1
17	1704	1701	1702	2	3.867789	2
17	1705	1701	1702	2	8.012364	2
17	1706	0	0	2	14.05329	2
17	1707	0	0	1	6.745604	1
17	1708	0	0	1	5.122553	2
17	1709	1703	1706	1	7.421427	1
17	1710	1703	1706	2	15.404705	2
17	1711	1703	1706	1	7.832788	1
17	1712	1707	1704	2	7.214458	2
17	1713	1707	1704	1	4.193096	1
17	1714	1708	1705	2	12.461101	2
17	1715	1708	1705	1	5.147706	1
17	1716	1708	1705	2	4.635366	2
18	1801	0	0	1	1.380612	1
18	1802	0	0	2	9.530688	2
18	1803	1801	1802	1	3.362849	1
18	1804	1801	1802	2	4.546282	2
18	1805	1801	1802	2	9.674165	2
18	1806	0	0	2	10.76358	2
18	1807	0	0	1	11.543441	1
18	1808	0	0	1	7.503895	2
18	1809	1803	1806	1	7.533494	1
18	1810	1803	1806	2	3.980538	2
18	1811	1803	1806	1	4.488638	1
18	1812	1807	1804	2	3.671197	2
18	1813	1807	1804	1	13.165303	1
18	1814	1808	1805	2	3.955258	2
18	1815	1808	1805	1	5.244471	1
18	1816	1808	1805	2	4.496965	2
19	1901	0	0	1	1.092006	1
19	1902	0	0	2	8.569305	2
19	1903	1901	1902	1	5.434705	1
19	1904	1901	1902	2	4.078199	2
19	1905	1901	1902	2	9.06846	2
19	1906	0	0	2	4.35169	2
19	1907	0	0	1	2.877143	1
19	1908	0	0	1	9.081572	2
19	1909	1903	1906	1	9.967549	1
19	1910	1903	1906	2	1.684664	2
19	1911	1903	1906	1	5.911848	1
19	1912	1907	1904	2	8.379333	2
19	1913	1907	1904	1	5.509793	1
19	1914	1908	1905	2	10.863814	2
19	1915	1908	1905	1	3.547977	1
19	1916	1908	1905	2	6.539256	2
20	2001	0	0	1	7.826314	1
20	2002	0	0	2	9.087754	2
20	2003	2001	2002	1	11.006876	1
20	2004	2001	2002	2	5.342664	2
20	2005	2001	2002	2	6.336408	2
20	2006	0	0	2	12.354999	2
20	2007	0	0	1	8.016334	1
20	2008	0	0	1	4.130771	2
20	2009	2003	2006	1	7.041621	1
20	2010	2003	2006	2	8.300047	2
20	2011	2003	2006	1	8.55322	1
20	2012	2007	2004	2	6.133898	2
20	2013	2007	2004	1	3.041448	1
20	2014	2008	2005	2	4.298705	2
20	2015	2008	2005	1	2.924891	1
20	2016	2008	2005	2	5.979693	2
21	2101	0	0	1	10.865154	1
21	2102	0	0	2	13.932625	2
21	2103	2101	2102	1	10.077341	1
21	2104	2101	2102	2	9.763086	2
21	2105	2101	2102	2	11.345544	2
21	2106	0	0	2	8.255135	2
21	2107	0	0	1	13.56639	1
21	2108	0	0	1	7.51475	2
21	2109	2103	2106	1	13.756699	1
21	2110	2103	2106	2	6.080217	2
21	2111	2103	2106	1	8.244399	1
21	2112	2107	2104	2	10.424004	2
21	2113	2107	2104	1	11.454059	1
21	2114	2108	2105	2	8.48914	2
21	2115	2108	2105	1	8.783045	1
21	2116	2108	2105	2	7.39852	2
22	2201	0	0	1	7.608939	1
22	2202	0	0	2	13.726778	2
22	2203	2201	2202	1	7.124961	1
22	2204	2201	2202	2	11.476247	2
22	2205	2201	2202	2	5.913299	2
22	2206	0	0	2	6.696622	2
22	2207	0	0	1	3.674995	1
22	2208	0	0	1	8.376267	2
22	2209	2203	2206	1	3.563608	1
22	2210	2203	2206	2	12.678752	2
22	2211	2203	2206	1	11.603877	1
22	2212	2207	2204	2	8.236261	2
22	2213	2207	2204	1	6.757142	1
22	2214	2208	2205	2	10.289563	2
22	2215	2208	2205	1	4.564821	1
22	2216	2208	2205	2	7.543135	2
23	2301	0	0	1	11.783563	1
23	2302	0	0	2	12.895048	2
23	2303	2301	2302	1	13.907826	1
23	2304	2301	2302	2	11.605275	2
23	2305	2301	2302	2	9.208102	2
23	2306	0	0	2	5.154575	2
23	2307	0	0	1	6.64977	1
23	2308	0	0	1	2.729645	2
23	2309	2303	2306	1	13.268934	1
23	2310	2303	2306	2	7.345832	2
23	2311	2303	2306	1	12.148681	1
23	2312	2307	2304	2	9.127834	2
23	2313	2307	2304	1	4.106151	1
23	2314	2308	2305	2	14.146318	2
23	2315	2308	2305	1	3.257057	1
23	2316	2308	2305	2	6.731492	2
24	2401	0	0	1	3.337982	1
24	2402	0	0	2	-0.267785	2
24	2403	2401	2402	1	4.31783	1
24	2404	2401	2402	2	3.63785	2
24	2405	2401	2402	2	3.794345	2
24	2406	0	0	2	10.188466	2
24	2407	0	0	1	7.051186	1
24	2408	0	0	1	3.072222	2
24	2409	2403	2406	1	3.222321	1
24	2410	2403	2406	2	7.126259	2
24	2411	2403	2406	1	7.612853	1
24	2412	2407	2404	2	3.243564	2
24	2413	2407	2404	1	3.58251	1
24	2414	2408	2405	2	9.14024	2
24	2415	2408	2405	1	4.551591	1
24	2416	2408	2405	2	-4.525534	2
25	2501	0	0	1	14.50822	1
25	2502	0	0	2	12.122492	2
25	2503	2501	2502	1	4.428432	1
25	2504	2501	2502	2	12.902011	2
25	2505	2501	2502	2	4.285527	2
25	2506	0	0	2	3.014043	2
25	2507	0	0	1	10.752016	1
25	2508	0	0	1	8.031876	2
25	2509	2503	2506	1	13.61679	1
25	2510	2503	2506	2	11.39726	2
25	2511	2503	2506	1	6.626693	1
25	2512	2507	2504	2	10.453965	2
25	2513	2507	2504	1	4.636179	1
25	2514	2508	2505	2	8.047965	2
25	2515	2508	2505	1	9.380772	1
25	2516	2508	2505	2	3.643816	2
26	2601	0	0	1	5.526379	1
26	2602	0	0	2	6.143193	2
26	2603	2601	2602	1	3.685248	1
26	2604	2601	2602	2	8.907165	2
26	2605	2601	2602	2	9.61581	2
26	2606	0	0	2	8.771408	2
26	2607	0	0	1	5.781479	1
26	2608	0	0	1	10.693426	2
26	2609	2603	2606	1	5.909231	1
26	2610	2603	2606	2	9.305097	2
26	2611	2603	2606	1	3.082391	1
26	2612	2607	2604	2	4.904908	2
26	2613	2607	2604	1	8.86547	1
26	2614	2608	2605	2	5.970249	2
26	2615	2608	2605	1	3.69821	1
26	2616	2608	2605	2	3.574336	2
27	2701	0	0	1	6.471625	1
27	2702	0	0	2	8.318108	2
27	2703	2701	2702	1	2.418185	1
27	2704	2701	2702	2	6.162165	2
27	2705	2701	2702	2	6.919306	2
27	2706	0	0	2	6.119096	2
27	2707	0	0	1	5.014394	1
27	2708	0	0	1	9.417801	2
27	2709	2703	2706	1	5.428429	1
27	2710	2703	2706	2	5.598303	2
27	2711	2703	2706	1	2.275112	1
27	2712	2707	2704	2	7.462747	2
27	2713	2707	2704	1	6.517317	1
27	2714	2708	2705	2	8.275743	2
27	2715	2708	2705	1	14.351675	1
27	2716	2708	2705	2	9.598863	2
28	2801	0	0	1	8.964503	1
28	2802	0	0	2	8.920626	2
28	2803	2801	2802	1	4.690775	1
28	2804	2801	2802	2	11.136395	2
28	2805	2801	2802	2	6.361919	2
28	2806	0	0	2	9.593222	2
28	2807	0	0	1	6.810646	1
28	2808	0	0	1	9.553036	2
28	2809	2803	2806	1	6.436445	1
28	2810	2803	2806	2	10.105137	2
28	2811	2803	2806	1	11.069647	1
28	2812	2807	2804	2	9.9257	2
28	2813	2807	2804	1	8.478971	1
28	2814	2808	2805	2	10.97426	2
28	2815	2808	2805	1	8.153887	1
28	2816	2808	2805	2	5.959338	2
29	2901	0	0	1	10.928608	1
29	2902	0	0	2	6.669505	2
29	2903	2901	2902	1	6.465435	1
29	2904	2901	2902	2	10.518696	2
29	2905	2901	2902	2	4.767838	2
29	2906	0	0	2	8.610895	2
29	2907	0	0	1	-0.749441	1
29	2908	0	0	1	2.294409	2
29	2909	2903	2906	1	5.801742	1
29	2910	2903	2906	2	0.117292	2
29	2911	2903	2906	1	9.991071	1
29	2912	2907	2904	2	8.240669	2
29	2913	2907	2904	1	3.366228	1
29	2914	2908	2905	2	3.801949	2
29	2915	2908	2905	1	9.277086	1
29	2916	2908	2905	2	4.400986	2
30	3001	0	0	1	6.261783	1
30	3002	0	0	2	8.685631	2
30	3003	3001	3002	1	4.8387	1
30	3004	3001	3002	2	10.534913	2
30	3005	3001	3002	2	9.256412	2
30	3006	0	0	2	12.820998	2
30	3007	0	0	1	3.422489	1
30	3008	0	0	1	2.696771	2
30	3009	3003	3006	1	2.209987	1
30	3010	3003	3006	2	3.105784	2
30	3011	3003	3006	1	3.927242	1
30	3012	3007	3004	2	10.168863	2
30	3013	3007	3004	1	5.714699	1
30	3014	3008	3005	2	7.253091	2
30	3015	3008	3005	1	11.941386	1
30	3016	3008	3005	2	8.360555	2
31	3101	0	0	1	6.385966	1
31	3102	0	0	2	6.411601	2
31	3103	3101	3102	1	7.226737	1
31	3104	3101	3102	2	12.616635	2
31	3105	3101	3102	2	7.104002	2
31	3106	0	0	2	7.428195	2
31	3107	0	0	1	4.719817	1
31	3108	0	0	1	9.90322	2
31	3109	3103	3106	1	10.113486	1
31	3110	3103	3106	2	10.155736	2
31	3111	3103	3106	1	6.868761	1
31	3112	3107	3104	2	7.405934	2
31	3113	3107	3104	1	4.929618	1
31	3114	3108	3105	2	6.634271	2
31	3115	3108	3105	1	9.579192	1
31	3116	3108	3105	2	11.535261	2
32	3201	0	0	1	12.423304	1
32	3202	0	0	2	5.664777	2
32	3203	3201	3202	1	9.708451	1
32	3204	3201	3202	2	11.077074	2
32	3205	3201	3202	2	9.776486	2
32	3206	0	0	2	9.611499	2
32	3207	0	0	1	3.747133	1
32	3208	0	0	1	12.857642	2
32	3209	3203	3206	1	7.321661	1
32	3210	3203	3206	2	6.126694	2
32	3211	3203	3206	1	8.511982	1
32	3212	3207	3204	2	11.468395	2
32	3213	3207	3204	1	8.750076	1
32	3214	3208	3205	2	6.151111	2
32	3215	3208	3205	1	8.653111	1
32	3216	3208	3205	2	11.207397	2
33	3301	0	0	1	8.890535	1
33	3302	0	0	2	13.768966	2
33	3303	3301	3302	1	9.129058	1
33	3304	3301	3302	2	7.670855	2
33	3305	3301	3302	2	1.909744	2
33	3306	0	0	2	7.284603	2
33	3307	0	0	1	4.981892	1
33	3308	0	0	1	13.028869	2
33	3309	3303	3306	1	6.613399	1
33	3310	3303	3306	2	5.14076	2
33	3311	3303	3306	1	7.50116	1
33	3312	3307	3304	2	11.957255	2
33	3313	3307	3304	1	9.588639	1
33	3314	3308	3305	2	8.999095	2
33	3315	3308	3305	1	7.045858	1
33	3316	3308	3305	2	7.856691	2
34	3401	0	0	1	0.739987	1
34	3402	0	0	2	13.017765	2
34	3403	3401	3402	1	5.102026	1
34	3404	3401	3402	2	6.275219	2
34	3405	3401	3402	2	6.220808	2
34	3406	0	0	2	-2.326058	2
34	3407	0	0	1	5.967464	1
34	3408	0	0	1	7.080851	2
34	3409	3403	3406	1	4.573206	1
34	3410	3403	3406	2	7.281344	2
34	3411	3403	3406	1	3.449964	1
34	3412	3407	3404	2	5.74837	2
34	3413	3407	3404	1	0.176729	1
34	3414	3408	3405	2	5.43833	2
34	3415	3408	3405	1	9.945854	1
34	3416	3408	3405	2	4.548898	2
35	3501	0	0	1	7.182358	1
35	3502	0	0	2	4.845257	2
35	3503	3501	3502	1	5.458734	1
35	3504	3501	3502	2	7.412532	2
35	3505	3501	3502	2	4.927271	2
35	3506	0	0	2	11.058729	2
35	3507	0	0	1	5.137906	1
35	3508	0	0	1	8.451523	2
35	3509	3503	3506	1	5.0748	1
35	3510	3503	3506	2	6.55714	2
35	3511	3503	3506	1	8.186388	1
35	3512	3507	3504	2	12.650846	2
35	3513	3507	3504	1	0.932651	1
35	3514	3508	3505	2	11.184158	2
35	3515	3508	3505	1	4.687807	1
35	3516	3508	3505	2	12.495224	2
36	3601	0	0	1	3.535554	1
36	3602	0	0	2	8.620494	2
36	3603	3601	3602	1	4.362142	1
36	3604	3601	3602	2	3.754451	2
36	3605	3601	3602	2	7.719373	2
36	3606	0	0	2	4.168444	2
36	3607	0	0	1	10.6592	1
36	3608	0	0	1	3.857165	2
36	3609	3603	3606	1	7.455876	1
36	3610	3603	3606	2	13.832348	2
36	3611	3603	3606	1	10.877183	1
36	3612	3607	3604	2	8.859821	2
36	3613	3607	3604	1	4.187386	1
36	3614	3608	3605	2	4.126041	2
36	3615	3608	3605	1	9.076899	1
36	3616	3608	3605	2	7.002394	2
37	3701	0	0	1	5.257602	1
37	3702	0	0	2	8.480746	2
37	3703	3701	3702	1	8.09312	1
37	3704	3701	3702	2	8.307046	2
37	3705	3701	3702	2	12.73866	2
37	3706	0	0	2	6.6426	2
37	3707	0	0	1	5.671644	1
37	3708	0	0	1	2.808083	2
37	3709	3703	3706	1	7.139508	1
37	3710	3703	3706	2	1.553829	2
37	3711	3703	3706	1	13.674344	1
37	3712	3707	3704	2	7.028681	2
37	3713	3707	3704	1	9.011267	1
37	3714	3708	3705	2	10.669682	2
37	3715	3708	3705	1	8.366383	1
37	3716	3708	3705	2	9.869447	2
38	3801	0	0	1	9.321725	1
38	3802	0	0	2	7.129886	2
38	3803	3801	3802	1	2.775888	1
38	3804	3801	3802	2	1.032413	2
38	3805	3801	3802	2	5.633506	2
38	3806	0	0	2	2.410537	2
38	3807	0	0	1	14.392297	1
38	3808	0	0	1	4.46918	2
38	3809	3803	3806	1	7.334796	1
38	3810	3803	3806	2	9.204404	2
38	3811	3803	3806	1	4.205186	1
38	3812	3807	3804	2	13.511748	2
38	3813	3807	3804	1	6.191711	1
38	3814	3808	3805	2	3.092742	2
38	3815	3808	3805	1	4.770402	1
38	3816	3808	3805	2	8.436724	2
39	3901	0	0	1	5.074179	1
39	3902	0	0	2	4.804838	2
39	3903	3901	3902	1	7.452092	1
39	3904	3901	3902	2	4.667728	2
39	3905	3901	3902	2	4.291404	2
39	3906	0	0	2	8.157703	2
39	3907	0	0	1	15.284163	1
39	3908	0	0	1	0.889497	2
39	3909	3903	3906	1	6.636612	1
39	3910	3903	3906	2	7.432205	2
39	3911	3903	3906	1	4.364224	1
39	3912	3907	3904	2	13.536073	2
39	3913	3907	3904	1	15.346945	1
39	3914	3908	3905	2	9.880263	2
39	3915	3908	3905	1	6.348936	1
39	3916	3908	3905	2	5.771387	2
40	4001	0	0	1	9.868458	1
40	4002	0	0	2	10.173749	2
40	4003	4001	4002	1	9.022218	1
40	4004	4001	4002	2	10.538918	2
40	4005	4001	4002	2	11.485797	2
40	4006	0	0	2	6.560238	2
40	4007	0	0	1	2.898304	1
40	4008	0	0	1	6.979536	2
40	4009	4003	4006	1	9.626624	1
40	4010	4003	4006	2	10.019798	2
40	4011	4003	4006	1	10.794157	1
40	4012	4007	4004	2	8.388548	2
40	4013	4007	4004	1	7.539773	1
40	4014	4008	4005	2	12.351076	2
40	4015	4008	4005	1	9.392633	1
40	4016	4008	4005	2	8.384615	2
41	4101	0	0	1	5.290507	1
41	4102	0	0	2	4.318448	2
41	4103	4101	4102	1	2.354897	1
41	4104	4101	4102	2	7.473575	2
41	4105	4101	4102	2	7.612644	2
41	4106	0	0	2	13.862007	2
41	4107	0	0	1	15.295917	1
41	4108	0	0	1	15.20007	2
41	4109	4103	4106	1	11.476003	1
41	4110	4103	4106	2	7.258002	2
41	4111	4103	4106	1	8.23465	1
41	4112	4107	4104	2	11.299504	2
41	4113	4107	4104	1	1.96025	1
41	4114	4108	4105	2	5.897535	2
41	4115	4108	4105	1	11.311919	1
41	4116	4108	4105	2	6.054594	2
42	4201	0	0	1	3.075367	1
42	4202	0	0	2	6.472502	2
42	4203	4201	4202	1	6.699764	1
42	4204	4201	4202	2	2.81932	2
42	4205	4201	4202	2	-2.939857	2
42	4206	0	0	2	4.612163	2
42	4207	0	0	1	9.390683	1
42	4208	0	0	1	4.159241	2
42	4209	4203	4206	1	4.021022	1
42	4210	4203	4206	2	2.566059	2
42	4211	4203	4206	1	4.413233	1
42	4212	4207	4204	2	5.295314	2
42	4213	4207	4204	1	-1.089752	1
42	4214	4208	4205	2	3.300796	2
42	4215	4208	4205	1	8.250793	1
42	4216	4208	4205	2	1.961984	2
43	4301	0	0	1	4.418718	1
43	4302	0	0	2	12.289766	2
43	4303	4301	4302	1	6.102723	1
43	4304	4301	4302	2	7.62457	2
43	4305	4301	4302	2	5.406033	2
43	4306	0	0	2	8.304952	2
43	4307	0	0	1	5.154829	1
43	4308	0	0	1	10.508737	2
43	4309	4303	4306	1	7.508836	1
43	4310	4303	4306	2	7.066076	2
43	4311	4303	4306	1	5.868416	1
43	4312	4307	4304	2	6.194658	2
43	4313	4307	4304	1	7.385331	1
43	4314	4308	4305	2	8.237125	2
43	4315	4308	4305	1	13.918167	1
43	4316	4308	4305	2	19.519964	2
44	4401	0	0	1	11.772471	1
44	4402	0	0	2	6.295779	2
44	4403	4401	4402	1	5.858735	1
44	4404	4401	4402	2	13.925416	2
44	4405	4401	4402	2	12.485296	2
44	4406	0	0	2	7.645758	2
44	4407	0	0	1	6.691967	1
44	4408	0	0	1	8.460736	2
44	4409	4403	4406	1	7.240895	1
44	4410	4403	4406	2	9.652469	2
44	4411	4403	4406	1	11.604487	1
44	4412	4407	4404	2	11.560254	2
44	4413	4407	4404	1	5.242367	1
44	4414	4408	4405	2	7.425655	2
44	4415	4408	4405	1	15.269642	1
44	4416	4408	4405	2	9.720578	2
45	4501	0	0	1	8.241597	1
45	4502	0	0	2	6.990693	2
45	4503	4501	4502	1	2.156093	1
45	4504	4501	4502	2	6.223947	2
45	4505	4501	4502	2	4.553965	2
45	4506	0	0	2	7.119377	2
45	4507	0	0	1	-1.13595	1
45	4508	0	0	1	12.208104	2
45	4509	4503	4506	1	-1.501596	1
45	4510	4503	4506	2	4.280271	2
45	4511	4503	4506	1	3.889387	1
45	4512	4507	4504	2	6.834106	2
45	4513	4507	4504	1	2.6976	1
45	4514	4508	4505	2	12.337458	2
45	4515	4508	4505	1	11.993463	1
45	4516	4508	4505	2	17.609542	2
46	4601	0	0	1	11.753098	1
46	4602	0	0	2	12.020608	2
46	4603	4601	4602	1	11.6084	1
46	4604	4601	4602	2	15.336861	2
46	4605	4601	4602	2	10.038601	2
46	4606	0	0	2	4.010208	2
46	4607	0	0	1	14.748454	1
46	4608	0	0	1	11.446678	2
46	4609	4603	4606	1	16.614255	1
46	4610	4603	4606	2	14.349645	2
46	4611	4603	4606	1	6.668623	1
46	4612	4607	4604	2	10.658919	2
46	4613	4607	4604	1	19.79625	1
46	4614	4608	4605	2	8.503225	2
46	4615	4608	4605	1	14.480685	1
46	4616	4608	4605	2	12.518662	2
47	4701	0	0	1	8.015601	1
47	4702	0	0	2	12.421813	2
47	4703	4701	4702	1	10.673973	1
47	4704	4701	4702	2	8.659735	2
47	4705	4701	4702	2	12.033777	2
47	4706	0	0	2	9.188433	2
47	4707	0	0	1	8.090231	1
47	4708	0	0	1	6.369791	2
47	4709	4703	4706	1	9.552011	1
47	4710	4703	4706	2	8.703834	2
47	4711	4703	4706	1	8.276985	1
47	4712	4707	4704	2	5.147607	2
47	4713	4707	4704	1	6.448447	1
47	4714	4708	4705	2	12.940942	2
47	4715	4708	4705	1	7.353195	1
47	4716	4708	4705	2	7.28865	2
48	4801	0	0	1	7.067329	1
48	4802	0	0	2	9.083312	2
48	4803	4801	4802	1	9.955509	1
48	4804	4801	4802	2	9.011984	2
48	4805	4801	4802	2	11.091465	2
48	4806	0	0	2	4.931366	2
48	4807	0	0	1	6.294074	1
48	4808	0	0	1	2.330737	2
48	4809	4803	4806	1	7.88509	1
48	4810	4803	4806	2	8.87534	2
48	4811	4803	4806	1	8.922989	1
48	4812	4807	4804	2	6.849055	2
48	4813	4807	4804	1	2.062419	1
48	4814	4808	4805	2	9.738857	2
48	4815	4808	4805	1	7.03069	1
48	4816	4808	4805	2	8.221095	2
49	4901	0	0	1	9.650153	1
49	4902	0	0	2	9.404714	2
49	4903	4901	4902	1	5.947908	1
49	4904	4901	4902	2	10.412148	2
49	4905	4901	4902	2	4.238795	2
49	4906	0	0	2	8.214551	2
49	4907	0	0	1	1.183067	1
49	4908	0	0	1	10.595098	2
49	4909	4903	4906	1	7.020031	1
49	4910	4903	4906	2	7.073157	2
49	4911	4903	4906	1	7.534914	1
49	4912	4907	4904	2	10.353513	2
