id	Sample_01	Sample_02	Sample_03	Sample_04	Sample_05	Sample_06	Sample_07	Sample_08	Sample_09	Sample_10	Sample_11	Sample_12	Sample_13	Sample_14	Sample_15	Sample_16
Snp_01	2	0	2	0	2	1	2	1	1	1	2	2	1	2	2	1
Snp_02	0	1	1	2	2	1	0	0	0	1	1	1	1	0	1	1
Snp_03	1	0	1	0	1	1	1	1	0	1	1	0	1	1	1	2
Snp_04	0	1	2	2	2	1	1	0	0	0	1	2	1	1	1	0
Snp_05	1	1	2	1	1	2	1	1	0	1	1	2	0	1	2	1
Snp_06	2	2	2	1	1	0	1	0	2	1	1	1	2	0	2	1
Snp_07	1	1	2	2	0	1	1	1	1	0	2	2	0	1	1	1
Snp_08	1	0	1	0	1	0	0	1	1	1	0	2	0	1	1	1
Snp_09	2	1	2	2	0	1	1	0	2	1	1	0	1	1	0	0
Snp_10	1	1	0	0	0	2	2	1	1	2	1	1	1	1	1	0
Snp_11	2	2	2	0	2	1	1	2	1	2	0	1	0	1	1	2
Snp_12	1	1	2	2	2	1	1	1	1	0	2	0	1	1	0	2
Snp_13	0	1	1	1	1	1	2	1	2	2	0	0	0	1	1	1
Snp_14	0	0	1	0	1	2	2	2	1	1	1	0	1	0	1	0
Snp_15	1	2	1	2	2	1	2	1	1	2	1	1	1	2	0	2
