8247
5262
10186
6961
10368
10600
6684
5184
5666
8784
8590
9898
5309
9922
9770
4761
7228
10163
6576
8705
9114
8616
7977
9267
4796
7546
5072
7237
9476
6623
6774
6968
5849
5799
7904
9945
8988
6156
5525
7220
10839
10597
8732
10087
7229
6259
7109
10448
7482
6827
5337
9671
9450
10859
8624
7667
6756
5040
8803
8328
4800
10778
10481
8552
4909
8464
7070
10506
5485
5927
5076
6531
8088
10471
5667
6379
5353
9967
10586
7062
10636
8495
7902
10673
6449
4839
7645
9013
5205
8810
8178
10823
8769
8417
6556
10486
8967
10377
4789
9764
4747
6327
8760
9499
9158
8037
10086
9343
8658
8365
7990
5408
9887
8103
7566
6456
7598
8606
8471
6615
5959
7288
8095
5707
6654
5598
8411
5139
9873
6991
5142
5096
5231
6921
9989
9203
9053
9149
10007
6499
10599
5889
7392
7624
6619
9350
9537
9853
7455
8722
5645
6123
10724
10654
5520
10607
6483
8555
10194
7748
5949
10495
5868
7253
7332
9866
9852
6398
8756
7301
7348
7114
9281
8410
8739
6365
9044
4889
8051
7442
5092
5724
5921
5310
10140
8252
9461
9066
9101
8124
8999
9063
7305
8841
10551
7432
8855
8951
7973
5809
7743
5078
10584
5391
8189
8232
7404
10424
10136
5238
8525
6282
10321
7829
5503
7856
10840
10603
4891
7077
8692
7463
4772
4874
6007
7235
8347
8235
6468
10893
8380
7373
8172
10405
8274
6131
10617
7875
5844
5131
7722
6165
9217
6950
7489
7678
5372
8907
5185
10413
6713
10475
8757
8994
8717
9874
9844
6313
7058
8160
8515
9908
7684
8674
6632
7529
7318
8882
10765
10830
10277
5276
6409
6931
10815
7810
8448
5121
5746
5593
8092
6795
9403
5426
5015
5607
7906
10100
6947
8533
6467
5670
9546
6324
6344
9647
6802
6454
8311
7589
10276
10667
4916
7355
4954
5176
7498
6306
6787
10769
8877
9008
6390
10885
10305
6491
7217
9211
6768
8698
10193
10339
8649
10391
8034
8047
6606
10574
8373
7165
7201
10336
8852
9261
9875
5107
7602
7559
6912
7560
10456
8281
6861
10260
9786
8596
10446
10162
10555
7184
10262
10812
10562
9344
10252
7426
9998
5170
6132
10452
7161
10348
5427
7038
10854
10695
5875
10531
6314
7143
5198
5991
8746
10196
9772
8750
6255
5314
6824
6506
8558
6479
9717
5157
7409
8969
5461
5737
4965
7798
5147
6095
6138
9961
8086
10653
8072
5801
8830
6154
5434
6148
7163
6293
10490
7948
9538
9397
9185
4971
10754
6985
6699
5739
7396
10165
9969
9690
9173
6949
6062
7901
8768
7610
5753
5692
9212
10071
8153
8889
7399
7786
7335
10215
6579
5623
8333
10587
9326
7326
6799
4924
6442
9548
7615
6903
9359
6404
10747
9544
10478
9115
8690
8293
7636
7021
9858
8014
10019
5996
5869
5168
10771
7185
8848
6470
10548
9578
8983
5547
5189
4730
9105
8772
10718
7057
5459
5048
4959
5529
9145
8351
8201
6922
7668
5804
7656
10198
6098
5582
6361
8126
6410
8982
8027
7555
9822
7943
9809
7553
4749
6500
6239
10096
6629
8025
5828
10717
10212
6727
7549
5908
8289
7781
8127
5365
6736
8650
8711
8797
8891
8167
5421
9891
9985
10547
9045
6352
5964
9252
8066
8238
7042
5052
8856
5697
7275
7307
6586
5105
5356
9526
5306
4984
8603
7531
6205
9589
4808
10457
9333
7012
10308
9002
6626
7306
9054
4760
6503
7621
5063
10088
9494
8266
9635
7259
9480
5552
9241
7689
10263
8475
10372
5570
8773
7938
10386
6514
5167
5550
8630
6953
7340
9780
9902
9559
8288
10173
6397
4862
7215
8409
10503
10712
8703
7939
4814
10385
10388
6174
5606
8332
8193
5417
8643
7450
4960
9676
8214
7628
5008
10123
6153
10676
7816
7422
10559
9936
10272
6242
7179
8303
6391
6894
5059
6291
5934
6786
6859
6806
6669
8151
7102
10829
9290
8452
10580
10841
8202
10685
6978
10811
7492
10076
8433
8720
5681
8990
10609
6770
7011
6399
6809
10550
10497
8883
6040
9942
10679
4737
5930
8521
5751
8304
4968
9331
5706
6130
8908
8331
9918
7067
6395
9065
10538
5370
8821
9007
10445
8003
10604
5845
5350
7026
6908
10549
6842
8207
7296
9356
5049
9295
6496
6652
10527
10293
8964
7706
9914
6469
5512
5669
10632
10886
10661
5712
9269
5543
10099
8618
8589
9244
10713
9638
10024
5473
7241
10092
7882
9329
9744
8854
10292
6009
10770
10183
9793
7627
5036
8724
9085
8468
10546
4867
6065
9893
9262
7779
5883
10411
8614
10396
6302
6534
10473
6995
7909
8972
6805
10644
6866
9517
8403
8542
9976
9060
5807
9125
6695
5253
7124
7324
8617
6821
7928
5361
5505
9055
4876
9412
9228
5973
5811
5014
8243
9947
9299
9534
8512
9161
8159
10314
10199
8101
10103
7730
6039
6605
5329
8165
4788
7464
5683
5785
8957
10780
9733
10073
6137
6853
7803
8822
5742
5556
4873
6526
7303
8261
7033
5830
6587
7694
10744
8718
7465
6897
7136
9034
9808
5043
6037
7245
6434
10041
5969
10397
9475
10300
9598
8479
7753
9374
8115
8925
8798
6670
5878
9984
6940
9249
5725
9112
5952
6190
9878
7505
10003
8135
6103
10720
5888
7742
8383
7623
4791
4764
6609
6085
6811
6217
7920
7616
10060
5347
10342
6003
9332
5364
4803
6431
9378
10878
10061
6565
8965
10539
9642
9968
6575
8795
7094
10785
5125
10817
5244
10313
6791
10058
7915
6882
10174
5201
9291
8744
7653
9905
6893
4945
9813
7727
7661
10297
5541
9665
4932
6487
9327
10768
9275
9971
7964
6730
7843
7212
9245
7180
7286
5315
10013
6872
10616
9802
9474
8829
6891
7514
7078
6570
5047
6389
8492
8828
10090
10020
10564
5251
8699
10693
4752
10534
5551
9778
6664
7410
6310
8020
6145
7238
5791
5343
9927
8895
8906
9439
5634
5392
10227
4837
8233
9106
6167
5132
6816
6049
9377
8865
5117
8056
7976
8256
4933
5619
9409
5067
7374
8457
7926
6081
5494
7468
6676
10755
5210
4930
6630
8534
7737
5342
6633
9558
10122
6247
8774
8800
7020
9385
7575
6951
6059
7203
9562
8851
9256
8204
8600
6248
5385
8200
10639
10782
8588
7408
6133
8426
6599
5974
6548
10330
9600
8894
10749
6386
5077
9913
5898
6604
5861
6589
6979
6309
6188
9663
8105
5899
5046
4779
9189
10865
7823
9298
9837
9220
9201
10530
6608
9660
10558
7785
7499
6127
9740
7252
5911
7218
8875
10752
5984
7670
7579
7120
5585
9551
6833
9183
10251
8052
7153
5936
6582
9863
7119
7802
7983
10209
4908
10433
7986
6878
8904
9527
9775
9997
5212
5842
7618
8116
6775
6155
8537
7314
7365
4918
5304
6097
5613
5003
10656
9479
9423
4857
7838
8375
9132
7485
5039
10364
9965
7457
6930
6682
8137
8081
6987
9979
4830
8050
9948
7777
7563
7063
7458
9363
9458
9608
9410
6147
7741
6896
5351
9995
9679
6895
6305
6054
6195
6698
7391
8932
7707
6092
10781
5002
7444
7626
8069
8451
7311
6905
10611
7825
8693
8474
10480
6110
6820
7096
9455
9505
9413
7767
4768
6185
7480
10111
9140
8804
5442
5232
4739
5420
9756
5399
6737
7969
9797
5398
9574
7357
8405
8055
5813
6801
8928
10461
9121
9605
5617
6225
5271
5757
8007
5363
7662
5773
8307
10416
5032
6760
7716
7595
7172
10458
9539
5571
6021
8623
8325
7227
4870
5938
4969
6885
9530
8401
7949
9557
8098
9273
9447
6772
9648
8963
4777
6432
9695
9566
7405
9108
10191
7152
8913
8271
8995
7069
5711
10716
9194
4882
4753
10736
9233
7523
8751
9894
8125
9464
6631
6603
5500
6726
5272
7981
5220
10796
9962
8357
9872
8018
7205
6899
6752
7031
10568
6084
10231
9191
6502
7966
9521
6747
8326
10493
8545
6326
9855
7766
5630
10894
9319
8871
6880
6238
10343
5013
8279
7295
7445
5871
8100
9550
9263
6252
10816
5615
8467
5514
9668
6035
5037
8155
9625
5208
5241
6183
5754
7989
7879
5289
7775
8880
10675
10381
5033
8502
9265
10006
5537
10722
5051
8106
7702
5680
4828
10005
9040
6489
8260
7945
8881
10352
9287
9255
5440
7309
10512
9892
7858
5855
5789
10065
5536
5153
5847
6826
10577
8089
10688
4921
8378
9016
8364
7759
6512
5579
7506
8679
6366
4762
6411
5411
8074
5319
8150
7375
7270
6414
10689
10659
7019
6014
7914
9338
8290
10634
10863
8762
7285
9301
5655
5590
9964
10068
6672
9696
7912
10149
9155
10394
9836
6646
8532
5744
8584
4809
9617
8494
5186
7774
10270
5065
10485
9674
5127
8694
9324
4836
9779
10790
5061
8222
8440
9656
9572
6143
4782
9785
7367
6274
5518
8002
7193
9933
8846
8016
6113
5508
9599
7757
6368
7151
5730
5766
10083
7832
4899
8729
7118
7091
6628
8432
6430
9389
7146
7532
5060
4736
4813
7542
6542
9231
10621
7804
9237
7679
5279
8421
5301
6561
6870
7907
6094
9154
8048
7588
5218
9156
4834
6087
10249
9103
8997
8874
10406
10001
6704
10201
10010
9492
9938
9113
6867
8526
5068
6843
7922
10651
4913
8097
10062
10567
10184
7873
10028
5222
7369
7655
6966
7197
8935
10884
9130
5177
5477
5860
6198
6538
7279
7150
8129
8976
9434
7001
8079
8408
10804
10537
5923
5064
8024
7979
8862
10039
6636
7633
10844
5284
8789
10139
5559
5009
10357
7278
5257
8060
10822
8695
7596
5504
10034
6360
10047
6945
10684
5837
4845
9388
5260
5803
5558
6647
7654
8599
8560
10124
5942
5374
5379
10714
5308
10422
9456
10625
5678
5553
8544
9411
4938
8361
6375
8005
9050
7262
5620
7754
10678
10279
4740
10286
5334
7018
5862
9536
10325
8313
8386
5190
9972
6616
4877
6471
8308
7025
8240
5893
5531
8436
9988
5215
10447
8073
6781
7036
7888
10614
5758
9672
6129
6325
7283
8176
9234
9726
8096
6173
7857
8420
7044
5516
9729
5435
8522
4856
6371
8044
10449
9994
6981
6790
5846
5839
7820
8046
5163
5602
10860
7772
4767
6273
9079
5761
6351
6721
8594
5268
8847
7487
4843
8647
7293
6846
9057
8485
8477
6568
5596
8301
7600
9871
5389
6401
8660
10322
9375
6963
7052
5762
6353
7677
8102
5462
5616
6321
6460
6486
8890
7946
10318
7448
5664
7859
9366
8393
7386
9199
10719
10560
7015
7000
5727
6733
7198
7663
5010
6847
8931
4976
9041
6764
7534
8899
9602
8613
9415
7258
9322
5895
5819
9504
8948
7609
9296
9915
6997
9337
7189
6915
7029
10502
9911
5446
4935
6507
6645
7030
6535
5463
7383
6572
9633
8952
4878
10018
10233
7919
7724
9906
6196
9015
6808
9433
8620
9870
7388
4864
7192
9591
7982
7988
8120
9727
5386
4914
5115
8662
10344
5595
9815
4775
7116
10176
5821
8608
7960
9879
5722
6362
8391
8237
7074
9381
8340
7066
5091
8505
9519
9404
10120
8867
5320
4832
8350
5658
7551
8659
8817
9532
7475
9975
8019
5058
10257
10206
6598
5640
9978
8075
5266
5890
5103
5175
6244
8531
9339
6720
5932
7700
10690
5101
5313
7758
8726
8147
8743
9689
10498
6045
7581
6744
6792
10015
8535
10375
7799
8723
6163
8359
7204
7837
7594
5318
6481
7736
5534
6712
9512
10742
10505
6956
9353
8661
8909
7195
9384
10622
9664
8834
5857
8959
7577
8194
6681
8628
8604
10683
7276
9486
5915
5533
5181
6066
7558
9573
5594
8510
10728
8000
6937
9067
8754
6220
8286
5632
6436
6738
9916
7106
7682
8716
8144
9163
7112
9554
10431
6869
6023
5975
6989
7257
6513
9200
8348
5226
7129
10261
10518
10240
5254
7957
7336
8827
10315
9168
9596
7216
10589
5195
5772
10226
6898
4792
5269
5483
6311
5622
8399
4903
7323
6562
8669
5294
6407
7256
9623
9508
10553
10658
10158
4755
5249
6289
9321
10156
8593
5721
5277
9555
8284
10872
6685
8215
8369
7397
8857
8242
7933
10151
10706
9593
8573
10319
8640
5950
8111
8234
8918
8173
7142
4880
6312
5383
9576
6079
8885
6617
7079
6264
6405
5154
9699
5382
9732
9541
4771
6974
7173
6554
10253
6758
10871
9708
8138
7604
6660
10032
8220
9736
5647
7028
9307
7056
10095
5885
7312
8833
6560
6048
8191
9624
5447
10203
8149
7282
10235
8175
7085
5810
6976
8334
10268
10102
6418
7991
8980
9925
4735
6403
6825
5311
6477
10581
8437
8184
9731
9367
6124
4988
9059
9111
6517
4934
6186
5775
8310
5856
5200
9416
4855
7552
4884
9226
6267
10521
7434
7885
7082
5931
6078
10274
5954
8425
10726
7711
6262
9658
9297
8622
8868
6877
7462
8251
6152
9213
10710
8341
6210
7157
10434
10460
5145
10638
9033
10787
9030
9091
9958
7664
7479
6212
5192
8838
7812
6497
7255
7819
10298
5455
7484
5224
5321
7830
10727
5487
8352
6994
9796
10228
6380
10686
7516
5045
9193
5501
9122
7530
5089
10441
6679
8676
10317
4742
8736
6767
7548
8738
10439
6268
9429
8029
4962
5937
10064
7376
6494
8668
6329
6459
5239
7944
9069
8832
10745
9406
9759
4905
8700
8480
7787
5601
4841
5246
8280
8548
5325
9197
6761
8719
7954
9765
10566
5777
7818
6612
7319
7956
7002
9777
8825
9697
8652
6890
5948
8258
8231
8653
5690
8059
8131
10404
5829
4927
8337
9441
6072
7681
5887
6762
7657
8248
9767
10168
5741
8065
6702
6345
9376
8157
7006
6855
7880
6012
6585
10668
9545
6520
9218
10232
8447
6962
9395
9667
10763
10513
9641
10241
5069
9104
6114
6907
7749
9711
8863
7814
4823
7520
10361
8108
9018
5413
4993
6146
9652
8672
8796
10167
9923
8634
8366
5384
9932
5626
5985
9620
10009
5566
8094
10169
8559
9784
6372
8801
9850
5359
5648
9992
6224
6288
5694
8799
8733
9187
10496
10244
10379
7043
5397
9142
8179
9769
8026
5338
6666
6257
5608
9402
4897
5735
10494
7007
9192
4939
7845
5156
10204
7486
4989
6284
7059
7097
7735
10516
7149
10347
9654
9292
8199
7863
5160
10256
9078
7250
8206
6714
9379
9181
9880
9077
6492
6429
6765
8322
8764
6863
9364
5298
8506
5450
9694
8517
7704
9148
10595
8811
5410
5286
10613
7712
6546
4795
5794
5056
10642
9595
8575
5055
8507
4770
9718
9304
7714
9748
6117
6295
6357
5723
10164
7910
7890
8316
6946
4778
10459
4868
4734
4754
8114
5480
5872
5475
9271
6272
9636
6232
9246
5675
8639
6019
4738
7884
8263
8273
5787
5603
9719
7881
8300
7225
5024
6026
10606
7739
7501
10008
9417
6100
7210
6256
5326
9175
6611
8216
9581
4773
8992
6213
7447
8320
10134
7877
7474
9264
8315
5090
5159
5786
9655
7985
10533
9991
7666
7013
9974
6545
6735
9524
5978
9362
6333
8429
8610
4956
6798
7433
9987
6192
10046
7190
9520
9182
7423
5624
10476
10789
6539
6551
6187
10296
10273
8113
10033
5119
8979
8161
9981
8685
5546
10202
4863
5152
5820
6600
6450
7342
4866
7248
9735
8566
7470
9810
6025
9848
6412
8043
8458
6319
6191
4840
8953
9330
8621
10224
8501
10302
5368
9567
5612
7726
10187
9901
8123
6815
9960
8062
10121
7953
5457
9467
7428
9751
5066
6935
10323
6005
10561
9939
6766
9951
5217
6070
6918
6250
9592
9421
7648
5906
10283
7331
9940
9073
8169
6511
5866
5299
10217
6083
10808
9649
10294
7233
6298
7994
6002
9427
8612
5439
5682
6840
5970
10288
10332
4978
8710
6120
9372
6303
10777
6936
10824
5691
10338
10514
4996
10767
10334
9286
8688
6383
5919
7827
8836
5023
5877
5282
8283
6465
6508
8224
10180
9556
9900
6050
5575
6426
5099
5441
8134
6755
7571
6690
9157
6266
8084
7267
9285
5302
7935
9946
6170
6653
6794
6773
10671
10652
5749
8443
6864
10827
4936
4854
10400
8656
10864
10489
10624
10081
10484
8514
5140
8208
9741
8107
6927
9308
6001
5088
6523
8946
4744
10105
10035
10242
10565
10520
9316
7416
10557
9496
7427
9776
10185
9082
6661
6215
10660
5000
10335
7925
4765
5018
8861
6128
5796
6197
5248
9179
6498
9394
6960
10399
6204
8404
7541
6746
6705
6552
4818
8824
6275
7849
9693
5767
5815
8229
7491
9509
8876
10408
7970
6294
8015
10519
10892
10222
10646
6934
8973
4801
5454
4820
5728
7801
8211
9462
10425
5258
6813
7469
8657
10355
6754
6287
7894
10118
8001
7507
7995
7784
9612
4757
7697
9924
7232
9407
7718
9760
7788
9001
10101
9056
9432
8112
7771
6701
4910
6046
7554
5407
7963
4917
6814
7488
6029
7690
8270
7113
8438
10220
8453
10674
8122
10254
6655
8944
9128
10843
5026
9956
5409
8309
5673
5082
8866
9270
5130
4817
6043
9580
7334
8602
5203
5178
6203
5939
9190
5074
8666
5406
10835
6178
5760
8390
4950
7930
9704
9283
8466
7121
8779
7574
9949
7460
9843
8071
8870
9789
6060
5507
7592
5122
8493
5864
5327
9930
9681
8077
7639
8145
7942
5180
7327
10569
10089
5138
10360
6297
5479
6052
7403
5362
8567
6917
9606
9890
10615
5303
6055
6515
9311
10144
5656
7384
6448
8860
7703
6643
9791
7790
9926
7099
10207
8749
9004
10731
10153
5199
10479
5834
10085
10663
6639
4743
5492
7333
10049
6495
8430
8706
5371
5213
4886
8511
5549
6692
5202
10214
6874
6057
5945
9766
6051
9804
6237
7263
7691
8497
10326
7629
5924
7494
5583
7556
7223
8146
7289
6597
9944
10524
9289
6780
5795
8119
5430
8435
7582
9024
7234
9761
6172
7387
5233
9575
5983
6451
8910
9043
6089
5482
10788
6176
9590
7807
4859
10729
9288
6169
8998
5174
7412
5573
7071
8298
5982
9216
10610
5460
10522
6056
5295
8513
9824
6439
4896
5891
6096
8818
5528
9167
7586
9096
6472
4763
5701
8476
8188
5705
6674
10115
5884
5835
4846
5688
9516
6883
10836
6734
4972
5764
10304
7747
9075
4774
10043
6928
10760
10171
6437
10881
6030
8680
9888
8076
7921
9382
8936
5633
9491
10766
5635
5853
9616
6335
8170
10392
7010
4995
5960
10845
9341
5972
5126
5806
7246
6886
6053
6358
7622
10737
7354
7024
9820
4888
6464
10291
7140
5144
10867
10795
5710
5158
10739
5780
6381
5779
7510
9657
6648
9982
7377
6938
6656
6134
5278
8470
5986
6984
9495
5668
5565
6041
9027
8388
6745
8549
10866
6914
6686
6251
9986
10483
8166
9440
6696
10743
5502
8486
8323
5453
8591
5136
10462
9318
6549
10792
6581
5031
8262
9839
6423
10535
9472
10290
8933
7630
9400
5703
9540
6024
7699
5296
5330
7693
4825
6691
6214
6022
6385
8903
9470
10492
7133
10746
5464
7908
7107
9146
10131
7381
6073
10794
9953
6235
9150
9294
5267
8444
10748
5118
9755
6161
9408
9019
4732
7734
6269
7271
9109
10579
5245
10692
7108
7041
8745
7322
7104
10108
6505
10011
8038
7564
8090
6613
9176
9215
10327
8450
5568
10367
8509
5718
7526
8481
4922
6677
7493
5538
10786
6830
8914
7466
7987
6558
7159
10148
7891
8063
6270
9300
5401
8363
10211
7132
6571
6179
8970
6363
9219
10295
10269
4923
6067
10474
9240
5702
8136
4900
9430
4869
5738
7419
9370
9705
10876
7839
8939
4994
5971
9357
7032
9136
6249
5774
5229
6964
5564
6438
6972
9634
10776
6271
7206
10132
8265
7568
7473
5016
7213
8459
5348
7791
5038
5349
8356
6929
9473
4926
4957
10362
7649
8187
6281
8667
7451
9825
10080
8556
7932
8734
5073
5920
5488
8605
6080
7650
6107
4915
10455
5693
6126
5660
10428
6834
7449
8878
10735
5646
7273
7495
4982
5021
6359
5497
5161
6017
8787
9235
10544
7272
6865
8681
7620
6591
5187
7358
8786
9653
5997
10504
8058
5574
6559
10216
5001
10618
10407
7461
6406
4929
10575
5833
7937
8808
7016
6277
7401
9757
5486
4838
5448
5129
5274
7898
6594
10310
8082
5783
7490
7528
5519
4890
6722
7557
9383
5116
5079
8021
10349
6550
10774
6952
5287
10027
5578
6884
8619
6680
7773
8540
8704
10677
9611
5087
10650
8269
7230
9438
7793
9688
9889
6071
5709
7414
9680
4816
10374
9749
7809
8971
10427
7967
7022
10791
5035
9222
7817
9528
7732
8395
7287
9830
7055
6638
6139
8312
8529
10818
10648
4987
10398
6663
7580
6640
6857
7745
9418
10259
9361
9380
10415
7527
10255
5143
10146
9153
5141
5112
9371
5470
9569
5466
6299
5639
8766
5324
6975
10070
7597
7515
5577
7634
7599
7646
7298
6742
10783
7897
7855
5369
6673
5756
6207
10328
7411
8156
10147
10316
6475
8663
10838
8414
7931
10856
8349
7744
5062
8057
10828
5671
5951
6710
6278
6988
6028
8360
5352
6694
4781
7870
6852
9386
5006
6223
9571
6596
10418
10536
9783
9214
10850
6332
7277
9052
4805
7362
4953
8864
9710
7368
9051
10265
4931
9669
9135
5609
6011
10643
9278
7698
8185
8697
9627
10329
8638
9543
7435
6817
9746
4997
9314
6862
6796
7984
6697
10030
8636
10868
10050
9064
8367
6229
5506
10529
7500
5436
6417
4907
5903
9869
10805
9014
8873
6175
4898
8954
9552
10106
5100
9009
10801
5345
10312
7207
5665
7905
6394
8546
9005
8368
10470
10605
10246
9422
7418
6657
7343
9086
4964
10369
9094
7274
6452
9042
9084
10045
5373
10826
8483
8673
9781
9819
9832
9493
9846
5882
8461
8319
7607
4731
7169
7083
10477
10662
8203
6455
8993
9310
7395
10703
9258
6911
7865
7240
5752
5025
10488
9099
7128
7936
7126
8727
5307
9881
7972
10702
8317
7243
9229
8335
7394
8682
4912
9393
5020
10848
7420
8780
7895
6983
7167
6376
6099
9021
10383
8523
8445
5914
8070
5614
10733
10887
5381
8778
10465
5881
8632
5981
7187
8499
8042
10075
5012
5733
5022
6396
7705
6557
10655
8121
6109
5625
5191
8816
5438
5433
5360
7683
9071
9518
6387
9753
5380
9037
7214
6038
5759
9239
5108
9577
8276
6829
5784
4766
5146
5225
5255
7345
6331
6970
8675
8259
8765
5029
6980
4970
4746
5468
9502
10373
9800
6844
6958
7208
7103
8406
5340
6784
6662
6349
10592
10155
6658
10278
10640
5963
7089
5592
10620
10889
8974
7127
10637
8143
7733
8210
8837
6610
6222
10725
10112
10641
6263
6725
8423
7407
9564
6553
9124
8041
8504
6111
5388
9805
6364
7605
8585
6458
6340
8249
10119
9184
7940
10500
5755
10429
5740
9568
6088
7017
8152
8758
10526
10091
9342
4804
5580
6693
9325
9425
6516
10540
9650
4790
9712
5149
5704
10773
5173
9180
7738
10208
10128
8427
6419
6245
5377
9698
8192
10044
7139
7341
6408
10515
5444
10079
7619
8244
8597
7642
7959
5802
8886
7090
9401
5396
8344
5474
6184
5715
10356
7221
10067
9306
5511
6367
8826
5854
10588
9170
8927
9579
9352
6982
6348
5071
8541
5677
8611
10834
9934
5769
7968
8912
9174
9683
9446
4948
9728
8945
8049
10178
10234
8735
7049
6234
9632
10626
6493
6342
10723
9787
6920
5653
5812
7472
10699
7612
9970
6856
6836
5832
9250
7723
8197
10627
10628
6108
10807
8814
9973
8713
5346
6913
6330
7183
6675
8926
7893
5237
10172
6258
9254
6525
6518
8561
7993
6150
7247
5098
7379
7547
8763
9387
4875
10799
7209
10507
9594
5005
9090
5288
5236
7155
10753
5355
8277
5873
7456
10709
5966
7117
6031
9702
8302
9747
5940
7035
10036
6209
7841
10510
8496
5663
4835
10359
7413
10705
10200
10846
7483
5106
8943
5432
5782
8294
8287
7752
10117
7971
5909
9706
6061
10784
7755
6346
9714
7294
7978
4973
8898
9533
5196
10591
7866
5748
8893
9031
7672
8686
10631
7060
10110
5731
6290
6779
10025
10890
5415
10074
8665
5676
4928
10414
7191
7584
6347
7446
4895
6668
9097
8728
9284
10708
6602
5259
7658
10109
6839
6200
4806
10757
7719
7200
7366
8809
8053
5235
10324
6013
10051
7962
7315
10138
6777
5591
5544
5867
9963
8174
8239
10874
8446
4787
5643
8958
8975
4751
5686
5662
8045
8919
8551
7476
4902
7640
5605
8236
7321
8645
9048
5291
9730
4769
9195
9188
5515
9522
9547
7647
8805
7617
5732
8934
7533
10443
7950
6838
9272
6008
10078
8168
9563
4741
7361
10229
8872
8536
5687
5987
8508
5425
9931
6996
4851
8336
5584
6566
8182
10152
7525
7911
6446
8569
8163
5572
5659
6463
7715
6194
10189
9257
10084
7567
5768
6642
5164
8577
5879
5044
7836
6941
8454
10649
9420
6812
10545
6260
7226
10055
7965
5402
7713
5216
6226
5874
6750
6227
8761
5540
5120
5148
10472
5979
9003
4756
7980
6789
5183
5395
7608
10037
8400
7254
7750
7441
6135
7688
9253
8815
10696
9151
8118
7050
8648
7889
7502
6993
8845
5917
6797
8384
9010
6904
5604
8117
5354
5714
4980
7281
8449
7236
7125
5941
6588
7769
6841
7188
5053
5331
10436
10523
7680
5569
5876
9147
10281
6315
8840
7833
10057
5094
9242
7390
9303
9365
7763
7352
5263
10303
8917
9210
5823
8819
8227
5650
7378
8181
10395
5850
5194
6583
6320
8625
10082
8370
10442
5424
7783
7637
5207
7503
6584
6334
6457
5172
8241
4974
10619
10107
10063
5227
7406
9909
9788
10869
6159
7076
10833
8721
6158
6105
5637
5610
5900
7708
8626
7562
8023
8218
9709
9782
6932
7778
10532
8598
8631
6160
8562
6392
9941
6635
5848
7081
6876
8576
7317
5858
6909
7591
5344
6873
10420
6537
8785
5155
7871
6969
5905
6804
6355
6218
7039
6157
6621
5700
6992
6478
8431
9208
5998
10170
6986
4844
10002
7424
8550
5965
8565
7304
7913
6533
8664
5695
8920
9068
10346
8374
6925
9093
7522
4758
5539
7521
8947
8849
5843
8701
10572
5316
6166
10509
9070
6004
7660
6590
7138
7924
5562
7576
8472
5113
7443
9074
6034
9587
10454
5636
6687
6125
8346
6708
7268
9865
10853
4947
7177
7471
7350
6849
9227
6510
7101
10289
8987
6778
9999
6086
6819
5404
4829
9542
8960
7382
7141
8226
5781
5290
9682
9792
5011
7299
5729
8820
5956
8205
9436
5322
5080
10598
10141
7587
8941
6892
9716
9309
8407
10775
9110
8989
7613
10453
5499
5054
4833
5822
7831
5230
10213
10832
7123
7606
7131
8295
6671
7958
10129
10697
9659
8456
10861
4975
8087
8035
7934
9198
10376
10177
9643
10133
8006
6101
6484
6601
7852
9046
9328
7380
7160
9619
10814
10645
8291
7565
9172
5798
6440
6967
5523
9178
8209
4759
7614
8099
5805
10623
10192
8753
8644
8424
9812
5926
6211
9774
10578
6453
8064
7851
7385
7842
9799
5465
4977
7154
8962
5713
8186
5393
7467
6901
5922
7652
4819
10113
8219
9092
9840
5437
7329
8154
6667
10237
7249
7903
5588
7115
7671
5995
8139
6729
10482
9954
6042
8039
10517
9282
6620
6378
9560
6706
9814
7194
8415
8582
10809
9827
10382
7512
7929
6292
9817
8518
9238
6216
5717
4992
7603
10320
8110
6828
10438
7122
9645
8812
8654
8460
10280
8715
8892
7265
8296
8387
7508
6476
8956
5387
4797
10097
6168
10069
5736
8539
10895
10487
9687
6751
9006
5641
9274
4920
6112
8633
7517
6527
7518
9011
7137
9202
8078
10285
10195
8093
9449
5085
6144
6578
7144
9047
6831
10698
8930
6027
7821
5587
6919
4745
6286
9763
8500
5918
7822
5621
4849
6763
9511
4826
6573
10751
5838
7824
8937
10657
7709
7876
10219
9012
7874
10031
10681
5808
6241
9677
5947
4807
6501
10145
9334
9137
10664
10016
6757
8212
6393
10197
6413
6759
7840
10403
6622
10159
7292
8040
5086
6793
5041
10875
6851
6445
6641
5859
5111
8036
5256
7701
8246
7088
7231
5933
6850
6064
8324
9882
10851
10125
8524
10847
6707
5771
9000
4985
5300
7862
5988
5719
6724
6443
9117
5070
7768
9026
6433
7996
8831
8627
10732
7186
7051
5554
8372
6121
9414
8571
10694
10284
7347
6341
5597
7086
4853
8198
9734
9952
9236
9935
7034
8929
5133
10528
7454
5910
7111
5166
4999
8859
5977
9453
6374
6848
7717
7887
7027
7955
8901
9662
6354
4812
5007
6871
8158
10704
5478
8730
7537
10236
6480
9165
9355
5627
8012
4911
8196
6574
6771
8455
7835
6541
4821
8379
9451
9466
6422
10239
5824
7651
7481
10873
6614
4860
7170
10556
4810
9597
7360
10882
10423
10468
6280
10467
5179
7762
7211
10759
9497
8327
9345
6910
9035
8032
5907
4815
8794
6519
10508
5892
8164
5234
5328
7402
9498
8031
9603
7770
4799
7014
7635
9390
9615
7997
10419
10761
9742
5169
4941
8858
9038
10393
5476
9120
9445
10831
9937
5976
7540
8339
8759
10026
7828
5522
7239
8527
4940
10583
7244
10350
9317
10738
6193
6047
6689
9293
7313
4958
5816
10380
5162
10021
9126
6504
6093
7370
10410
9514
10883
10554
6077
5283
7166
6651
9129
5275
10542
6473
6317
9821
6082
10585
9083
9399
5763
8563
8330
7093
4786
8490
8498
9684
9549
8776
5419
4858
10501
6906
9798
7110
10160
5586
6923
5323
9100
6032
4952
7269
9206
10223
7550
5050
6369
6924
8806
9715
7524
7224
9803
7952
10450
7853
10426
7941
10205
5994
6424
7593
8382
5075
10879
9023
9029
10351
5967
9790
10137
10175
8177
9586
5661
4963
7848
10630
9320
5814
7883
8463
8788
9588
7130
5790
9835
5104
6532
5510
5490
7135
10680
7805
5955
10629
9196
10432
7389
9750
8132
10378
9437
6948
10409
8802
6208
5223
4848
10114
9419
6732
6189
10287
6926
7061
9919
7854
4942
6119
9701
7072
10299
7998
10451
7834
5836
8465
10440
9637
10750
6888
7659
5083
7795
4990
7808
6180
10166
6637
9426
7644
6115
9373
7710
9335
5270
9139
10038
4872
9481
4949
4842
9503
10608
4981
7145
7328
10275
6181
10756
9266
6488
10740
9487
6971
8530
7178
8961
10271
5557
9020
6261
10370
7351
7199
9628
7794
7687
8689
10700
9646
8385
5734
5265
10582
5657
10238
9454
9392
7692
10243
8629
8646
4831
8292
4827
6683
5793
10094
9302
10245
4861
8607
4824
5684
5422
6254
8984
7797
9506
4979
5151
6316
4798
6739
7643
8402
4919
10670
9144
9058
8583
6104
5366
8911
7583
6547
9435
8869
6240
10596
6973
8905
9022
8140
8061
6435
6461
9268
10363
7075
7765
9028
9478
5618
5243
9640
4955
8568
7631
9209
6800
8853
5469
10633
6415
9160
9917
9204
10066
7168
6741
6388
7280
10258
5726
9032
6717
10309
5532
8482
6253
5509
9119
9131
5929
5901
8955
6177
9279
6318
7092
10210
9692
5390
5720
5897
8434
6955
4887
5560
5336
8130
10825
6785
5042
7162
7452
8250
4733
7261
10014
8489
9313
5696
6219
8282
9080
8592
5961
6530
10000
6425
9159
10247
10029
10576
10701
9661
7037
10077
5219
10353
