mpop 2000 0.5 startfreq: 0.0005 mu: 0.001 r: 0.001 s: 0.01 h: 0.5
81472

//
derived_sites: 45
positions: 0.0481933061909245 0.058349609375 0.062347412109375 0.12066650390625 0.129638671875 0.136543938545433 0.189483642578125 0.240377437139077 0.31585693359375 0.32366943359375 0.35009765625 0.385439614918759 0.403045654296875 0.404022216796875 0.422445233304721 0.4254150390625 0.438751220703125 0.456024169921875 0.483001708984375 0.496124267578125 0.5 0.539642333984375 0.566425447404129 0.5712890625 0.573577880859375 0.592283304363949 0.598175048828125 0.60174560546875 0.642186555985781 0.668133722023988 0.682524570419222 0.687963679634215 0.722442626953125 0.725006103515625 0.756166427153161 0.7911376953125 0.802569300810116 0.812469482421875 0.851132164659674 0.873992919921875 0.90594482421875 0.920273540559933 0.94464111328125 0.957306861447812 0.96142578125
011000100000010111100000000100000001010000101
000000001110100000000100000000001000000100000
001000100000011111000000001100000001010000101
001010100000010011001000000100000001000000100
001000100000010111000000001100000001010000101
001000100000010111000000001100000001010000101
001000100000010011000000000100000001000000100
011000100000010111100000000100000001010000101
001010100000010011001000000100000001000000100
001000100000011111000000001100000001010000101
001000100000010011000000000100000001000000100
000000001110100000000100010000001000000100000
001100000000000001010001100100000100000000000
001010100000010011000000000100000001000000100
001010100000010011001000000100000001000000100
000000001110100000000100000000001000000100000
001010100000010011000000000100000001000000100
000000000000000001010001100100000100001010100
011000100000010111100000000100000001010000101
000000001110100000000100000000001000000100000
001000100000010111000000001100000001010000101
001010100000010011001000000100000001000000100
001000100000010111000000001100000001010000101
000000001010100000000100000000001000000100000
001000100000011111000000001100000001010000101
001000100000010011000000000100000001000000100
001000100000010011000000000100000001000000100
001000100000010011000000000100000001000000100
001010100000010011000000000100000001000000100
001010100000010011001000000100000001000000100
000000000000000001010001100100000100001010100
001010100000010011000000000100000001000000100
000000001110100000000100000000001000000100000
001000101010100000000100010000001000000100000
000000001110100000000100000000001000000100000
001010100000010011001000000100000001000000100
001100000000000001010001100100000100000000000
001000100000011111000000001100000001010000101
001000100000011111000000001100000001010000101
000000000000000001010001100100000100001010100
001000100000011111000000001100000001010000101
000000001110100000000100000000001000000100000
001010100000010011000000000100000001000000100
001010100000010011000000000100000001000000100
000000001010100000000100000000001000000100000
000000000000000001010001100100000100001010100
000000001010100000000100000000001000000100000
001010100000010011001000000100000001000000100
001000100000010111000000001100000001010000101
001010100000010011000000000100000001000000100
001010100000010011001000000100000001000000100
001100000000000001010001100100000100100000000
001000100000010111010001100100000100001010100
001010100000010011001000000100000001000000100
001000100000010111000000001100000001010000101
001010100000010011001000000100000001000000100
001000100000010011000000000100000001000000100
001010100000010011000000000100000001000000100
001000100000011111000000001100000001010000101
001000100000010011000000000100000001000000100
001000100000010011000000000100000001000000100
001010100000010011001000000100000001000000100
000000001110100000000100000000001000000100000
000000001010100000000100000000001000000100000
000000001010100000000100000000001000000100000
001010100000010011001000000100000001000000100
001000100000010011000000000100000001000000100
000000001110100000000100010000001000000100000
000000001010100000000100000000001000000100000
001000100000011111000000001100000001010000101
001000100000010011000000000100000001000000100
001010100000010011001000000100000001000000100
001100000000000001010001100100000100000000000
001000100000011111000000001100000001010000101
001010100000010011001000000100000001000000100
001100000000000001010001100100000100000000000
001010100000010011000000000100000001000000100
000000001010100000000100000000001000000100000
000000001010100000000100000000001010000100000
000000001110100000000100000000001000000100000
001010100000010011000000000100000001000000100
001010100000010011000000000100000001000000100
001100000000000001010001100100000100000000000
001000100000011111000000001100000001010000101
000000001010100000000100010000001000000100000
001010100000010011000000000100000001000000100
001000100000010011000000000100000001000000100
000000000000000001010001100100000100001010100
000000000000000001010001100100000100001010100
001000100000010011000000000100000001000000100
001000100000010111000000001100000001010000101
001010100000010011000000000100000001000000100
001000100000010011000000000100000001000000100
001000001110100000000100000000001000000100000
001000001110100000000100000000001000000100000
000000001110100000000100000000001000000100000
001000100000010011000000000100000001000000100
000000001010100000000100000000001000000100000
001010100000010011000000000100000001000000100
101000100000010011000000000100000001000000100
000000001110100000000100010000001000000100010
001000100000010011000000000100000001000000100
001000100000010111000000001100000001010000101
000000001010100000000100000000001000000100000
001010100000010011000000000100000001000000100
000000001010100000000100000000001000000100000
001010100000010011001000000100000001000000100
000000000000000001010001100100000100001010100
001010100000010011000000000100000001000000100
001010100000010011000000000100000001000000100
001010100000010011001000000100000001000000100
001010100000010011001000000100000001000000100
001100000000000001010001100100000100000000000
001000100000010011000000000100000001000000100
001010100000010011001000000100000001000000100
001010100000010011000000000100000001000000100
001000100000011111000000001100000001010000101
000000001110100000000100000000001000000100000
011000100000010111100000000100000001010000101
000000001110100000000100000000001000000100000
000000001010100000000100000000001000000100000
001010100000010011000000000100000001000000100
001000100000010111000000001100000001010000101
000000001110100000000100000000001000000100000
001000100000011111000000001100000001010000101
001010100000010011000000000100000001000000100
001000100000010011000000000100000001000000100
001000100000010011000000000100000001000000100
001000100000010111000000001100000001010000101
001000100000010111000000001100000001010000101
001010100000010011000000000100000001000000100
001000100000010111000000000100000001010000101
001000100000011111000000001100000001010000101
001000100000011111000000001100000001010000101
001000100000011111000000001100000001010000101
001010100000010011001000000100000001000000100
001010100000010011001000000100000001000000100
001000100000010011000000000100000001000000100
001010100000010011001000000100000001000000100
001000100000010011000000000100000001000000100
000000001110100000000100000000001000000100000
001000100000011111000000001100000001010000101
001000100000010011000000000100000001000000100
001000100000010111000000001100000001010000101
001000100000010111000000001100000001010000101
000000001110100000000100010000001000000100101
000000001110100000000100000000001000000100000
001000100000011111000000001100000001010000101
001100000000000001010001100100000100000000000
000000001010100000000100000000001000000100000
001010100000010011001000000100000001000000100
000000000000000001010001100100000100001010100
001000100000010011000000000100010001000000100
001000100000010011000000000100000001000000100
000000001110100000000100000000001000000100000
000000001110100000000100000000001000000100000
001000100000010011000000000100000001000000100
001000100000011111000000001100000001010000101
000000001010100000000100000000001000000100000
000000001010100000000100000000001000000100000
000000001110100000000100010000001000000100101
001000100000010011000000000100000001000000100
001000100000011111000000001100000001010000101
001000100000010111000000000100000001010000101
000000001110100000000100000000001000000100000
001000100000010011000000000100000001000000100
001000100000011111000000001100000001010000101
001000100000010011000000000100010001000000100
000000001110100000000100000000001000000100000
001100000000000001010001100100000100100000000
000000001010100000000100000000001000000100000
001010100000010011001000000100000001000000100
001000100000010111000000001100000001010000101
001010100000010011000000000100000001000000100
000000000000000001010001100100000100001010100
001000100000011111000000001100000001010000101
001000100000010011000000000100000001000000100
001010100000010011000000000100000001000000100
000000000000000001010001100100000100001010100
001000100000010011000000000100000001000000000
001100000000000001010001100100000100000000000
001000100000010111000000001100000001010000101
000000000000010011000000000100000001000000100
000000001010100000000100000000001000000100000
000000001010100000000100000000001000000100000
001100000000000001010001100100000100000000000
000000001110100000000100000000001000000100000
000000001110100000000100000000001000000100000
001000100000011111000000001100000001010000101
001000100000011111000000001100000001010000101
000000001110100000000100000000001000000100000
001000100000011111000000001100000001010000101
001000101010100000000100010000001000000100000
001000100000010011000000000100000001000000100
001010100000010011001000000100000001000000100
000000000000000001010001100100000100001010100
000000001010100000000100000000001000000100000
001000100000011111000000001100000001010000101
001000100000011111000000001100000001010000101
001000100000011111000000001100000001010000101
001010100000010011000000000100000001000000100
001000100000010111000000001100000001010000101
001000100000010011000000000100000001000000100
001000100000010111000000001100000001010000101
001010100000010011001000000100000001000000100
001000100000010011000000000100000001000000100
001000100000010111000000001100000001010000101
000000001110100000000100000000001000000100000
001000100000010111000000001100000001010000101
001000100000010011000000000100000001000000000
000000001110100000000100000000001000000100000
000000000000000001010001100100000100001010100
000000001010100000000100000000001000000100000
001000101010100000000100010000001000000100000
001010100000010011000000000100000001000000100
001000100000010011000000000100000001000000100
000000001010100000000100000000001000000100000
011000100000010111100000000100000001010000101
001010100000010011001000000100000001000000100
001100000000000001010011100100000100001010000
001000100000010111000000001100000001010000101
001100000000000001010001100100000100000000000
000000001110100000000100010000001000000100101
001000100000010111000000001100000001010000101
001100000000000001010001100100000100000000000
001000100000010011000000000100000001000000100
001010100000010011001000000100000001000000100
001000100000010011000000000100000001000000100
001000100000010111000000001100000001010000101
001000100000010111000000001100000001010000101
001000100000010011000000000100000001000000000
001000100000011111000000001100000001010000101
001000100000010111000000001100000001010000101
001010100000010011001000000100000001000000100
001010100000010011001000000100000001000000100
001000101010100000000100010000001000000100000
001010100000010011001000000100000001000000100
001000100000010111000000001100000001010000101
001000100000010111000000001100000001010000101
001000100000010111000000001100000001010000101
001000100000010011000000000100000001000000100
011000100000010111100000000100000001010000101
001000100000011111000000001100000001010000101
011000100000010111100000000100000001010000101
001000100000010011000000000100000001000000100
001010100000010011001000000100000001000000100
001000100000010011000000000100000001000000100
000000001110100000000100000000001000000100000
000000001110100000000100000000001000000100000
000000001010100000000100000000001000000100000
001010100000010011001000000100000001000000100
000000001110100000000100000000001000000100000
001000100000010011000000000100000001000000100
001010100000010011000000000100000001000000100
000000001010100000000100010000001000000100000
000000001010100000000100000000001000000100000
011000100000010111100000000100000001010000101
001010100000010011000000000100000001000000100
001000100000010011000000000100000001000000100
001000100000011111000000001100000001010000101
000000001110100000000100000000001000000100000
001000100000011111000000001100000001010000101
000000001110100000000100000000001000000100000
000000000000000001010001100100000100001010100
000000001110100000000100000000001000000100000
000000001010100000000100000000001000000100000
001000100000010011000000000100000001000000100
001000100000010111000000001100000001010000101
001000100000010011000000000100000001000000100
011000100000010111100000000100000001010000101
000000001010100000000100000000001000000100000
001000100000010011000000000100000001000000100
101000100000010011000000000100000001000000100
001100000000000001010001100100000100100000000
001000100000010011000000000100000001000000100
001010100000010011000000000100000001000000100
001000100000011111000000001100000001010000101
001000100000011111000000001100000001010000101
001000100000010011000000000100000001000000100
000000001010100000000100010000001000000100000
001000100000011111000000001100000001010000101
000000001110100000000100000000001000000100000
001000001110100000000100000000001000000100000
001010100000010011001000000100000001000000100
001010100000010011001000000100000001000000100
001010100000010011000000000100000001000000100
001000100000010011000000000100000001000000100
001000100000010011000000000100000001000000100
000000001110100000000100000000001000000100000
001010100000010011000000000100000001000000100
001100000000000001010001100100000100000000000
101000100000010011000000000100000001000000100
000000001110100000000100000001001000000100000
000000001010100000000100000000001000000100000
001010100000010011001000000100000001000000100
001000100000010011000000000100000001000000100
001000100000010011000000000100000001000000100
001000100000010011000000000100000001000000100
000000001010100000000100000000001000000100000
000000001010100000000100000000001000000100000
001000100000011111000000001100000001010000101
001000100000010011000000000100000001000000000
000000000000000001010001100100000100001010100
001000100000010011000000000100000001000000100
001010100000010011001000000100000001000000100
000000001110100000000100000000001000000100000
001010100000010011001000000100000001000000100
001000100000010011000000000100000001000000100
000000001110100000000100000000001000000100000
001010100000010011001000000100000001000000100
001100000000000001010011100100000100001010000
000000000000000001010001100100000100001010100
000000000000000001010001100100000100001010100
001010100000010011001000000100000001000000100
000000001010100000000100000000001010000100000
001000100000011111000000001100000001010000101
000000001110100000000100000000001000000100000
001010100000010011001000000100000001000000100
001000100000010011000000000100000001000000100
000000001110100000000100000000001000000100000
001010100000010011001000000100000001000000100
000000000000000001010001100100000100001010100
001010100000010011001000000100000001000000100
000000001110100000000100000000001000000100000
001000100000010011000000000100000001000000100
001000100000011111000000001100000001010000101
001000100000010011000000000100000001000000100
001000100000011111000000001100000001010000101
001010100000010011000000000100000001000000100
000000001110100000000100000000001000000100000
001000100000011111000000001100000001010000101
001000100000011111000000001100000001010000101
001010100000010011001000000100000001000000100
001000100000010111000000001100000001010000101
001010100000010011001000000100000001000000100
001000100000010111000000001100000001010000101
000000001010100000000100000000001000000100000
001100000000000001010001100100000100000000000
001000100000010011000000000100000001000000100
000000001010100000000100000000001000000100000
001000100000011111000000001100000001010000101
001100000000000001010001100100000100000000000
001010100000010011001000000100000001000000100
001000100000010011000000000100000001000000100
001000100000011111000000001100000001010000101
000000001110100000000100000000001000000100000
001000100000010011000000000100000001000000100
001000100000010111000000000100000001010000101
001000100000011111000000001100000001010000101
001010100000010011001000000100000001000000100
001000100000010011001000000100000001000000100
000000001110100000000100000000001000000100000
001010100000010011001000000100000001000000100
001010100000010011000000000100000001000000100
001000100000010111000000001100000001010000101
001000100000010111010001100100000100001010100
000000001110100000000100000000001000000100000
001000100000010111000000001100000001010000101
000000000000000001010001100100000100001010100
001000100000011111000000001100000001010000101
000000001110100000000100000000001000000100000
001010100000010011001000000100000001000000100
001000100000010111000000001100000001010000101
001000100000010111000000001100000001010000101
001000100000010011000000000100010001000000100
001010100000010011000000000100000001000000100
001010100000010011001000000100000001000000100
001010100000010011001000000100000001000000100
001010100000010011000000000100000001000000100
001000100000010111000000000100000001010000101
000000001010100000000100000000001000000100000
001100000000000001010001100100000100100000000
001000100000011111000000001100000001010000101
000000001110100000000100010000001000000100000
000000001010100000000100000000001000000100000
000000000000000001010001100100000100001010100
001000100000010111000000000100000001010000101
000000001010100000000100000000001000000100000
001010100000010011001000000100000001000000100
001000100000010011000000000100000001000000100
001000100000011111000000001100000001010000101
000000001010100000000100010000001000000100000
001000100000010011000000000100000001000000100
000000000000000001010001100100000100001010100
001010100000010011001000000100000001000000100
001000100000010111000000001100000001010000101
001000100000011111000000001100000001010000101
001000100000011111000000001100000001010000101
001000100000010011000000000100000001000000100
001010100000010011001000000100000001000000100
001010100000010011001000000100000001000000100
001010100000010011001000000100000001000000100
000000001110100000000100000000001000000100000
001010100000010011001000000100000001000000100
000000001110100000000100000000001000000100000
001010100000010011000000000100000001000000100
000000001010100000000100000000001000000100000
000000001110100000000100000000001000000100000
001010100000010011001000000100000001000000100
001000100000011111000000001100000001010000101
000000001110100000000100000000001000000100000
001000100000010011000000000100000001000000100
000000001010100000000100000000001010000100000
000000001110100000000100000000001000000100000
001000100000010111000000001100000001010000101
001010100000010011001000000100000001000000100
001000100000010011000000000100000001000000100
000000001110100000000100000000001000000100000
001010100000010011001000000100000001000000100
001000100000010011000000000100000001000000100
001010100000010011001000000100000001000000100
001000100000010011000000000100000001000000100
001000100000011111000000001100000001010000101
001000100000010111000000001100000001010000101
000000001110100000000100000000001000000100000
001000100000010011000000000100010001000000100
001100000000000001010001100100000100000000000
001000100000011111000000001100000001010000101
000000001110100000000100010000001000000100000
000000001110100000000100000000001000000100000
001000100000011111000000001100000001010000101
001010100000010011001000000100000001000000100
001000100000010011000000000100000001000000100
001000100000011111000000001100000001010000101
000000001010100000000100000000001010000100000
001010100000010011000000000100000001000000100
001000100000010011000000000100000001000000100
000000000000010011000000000100000001000000100
001000100000010011000000000100000001000000100
000000000000000001010001100100000100001010100
001010100000010011001000000100000001000000100
001000100000010011000000000100000001000000100
001000100000010011000000000100000001000000000
001000100000010011000000000100000001000000100
000000001110100000000100010000001000000100101
001000100000011111000000001100000001010000101
001000100000010111000000001100000001010000101
000000001110100000000100010000001000000100101
001000100000010111000000001100000001010000101
000000000000000001010001100100000100001010100
001010100000010011001000000100000001000000100
000000001110100000000100010000001000000100010
001010100000010011001000000100000001000000100
000000001110100000000100000000001000000100000
000000001110100000000100010000001000000100000
001000100000011111000000001100000001010000101
001010100000010011001000000100000001000000100
001010100000010011000000000100000001000000100
001010100000010011001000000100000001000000100
001010100000010011000000000100000001000000100
001000100000011111000000001100000001010000101
001010100000010011001000000100000001000000100
001000100000011111000000001100000001010000101
011000100000010111100000000100000001010000101
001010100000010011000000000100000001000000100
001000100000011111000000001100000001010000101
001010100000010011001000000100000001000000100
011000100000010111100000000100000001010000101
001010100000010011001000000100000001000000100
001010100000010011001000000100000001000000100
001010100000010011001000000100000001000000100
000000001110100000000100000000001000000100000
001100000000000001010001100100000100100000000
001000100000011111000000001100000001010000101
000000000000011111000000001100000001010000101
001000001110100000000100000000001000000100000
001000100000011111000000001100000001010000100
001000100000010111000000001100000001010000101
011000100000010111100000000100000001010000101
000000001110100000000100000000001000000100000
000000001110100000000100000000001000000100000
001010100000010011001000000100000001000000100
001000100000010011000000000100000001000000100
001010100000010011000000000100000001000000100
001000100000010011000000000100000001000000100
001000100000010111010001100100000100001010100
001000100000010011000000000100000001000000100
001000100000010011000000000100000001000000000
001010100000010011001000000100000001000000100
001000100000010011000000000100000001000000100
000000001010100000000100000000001000000100000
000000001110100000000100000000001000000100000
001010100000010011001000000100000001000000100
001000100000010011000000000100000001000000100
001000001110100000000100000000001000000100000
001000100000010111000000001100000001010000101
001010100000010011000000000100000001000000100
001000100000011111000000001100000001010000101
001010100000010011001000000100000001000000100
001000001110100000000100000000001000000100000
001010100000010011000000000100000001000000100
001010100000010011001000000100000001000000100
001000100000010111000000001100000001010000101
001010100000010011001000000100000001000000100
000000001110100000000100000000001000000100000
000000001110100000000100000000001000000100000
000000001110100000000100000000001000000100000
000000001010100000000100000000001000000100000
001000100000010111000000001100000001010000101
011000100000010111100000000100000001010000101
001010100000010011000000000100000001000000100
001010100000010011001000000100000001000000100
001000101010100000000100010000001000000100000
000000001110100000000100000000001000000100000
000000001110100000000100010000001000000100010
001010100000010011001000000100000001000000100
001000100000010011000000000100000001000000100
001000100000010011000000000100000001000000100
001000100000010111000000001100000001010000101
001000100000010111000000001100000001010000101
001000100000010111000000001100000001010000101
000000000000000001010001100100000100001010100
001000100000010111000000001100000001010000101
000000001010100000000100000000001000000100000
000000000000000001010001100100000100001010100
000000000000000001010001100100000100001010100
001000100000011111000000001100000001010000101
000000001110100000000100000000001000000100000
001000100000010111000000001100000001010000101
001000100000010011000000000100000001000000100
001000100000010011000000000100000001000000100
011000100000010111100000000100000001010000101
001010100000010011001000000100000001000000100
000000001110100000000100000000001000000100000
011000100000010111100000000100000001010000101
000000001010100000000100000000001000000100000
000000001110100000000100000000001000000100000
001000100000010111000000001100000001010000101
000000000000000001010001100100000100001010100
000000000000000001010001100100000100001010100
001000100000010011000000000100000001000000000
000000000000000001010001100100000100001010100
001010100000010011001000000100000001010000101
001000100000010111000000001100000001010000101
001000100000010011000000000100000001000000100
001010100000010011001000000100000001000000100
001010100000010011000000000100000001000000100
001000100000010111000000001100000001010000101
000000001110100000000100000000001000000100000
000000001110100000000100000000001000000100000
001000100000010011000000000100000001000000100
001010100000010011001000000100000001000000100
001000100000010011000000000100000001000000100
000000001110100000000100010000001000000101000
000000001110100000000100010000001000000100101
001000100000010011000000000100000001000000100
001010100000010011001000000100000001000000100
000000000000000001010001100100000100001010100
001010100000010011001000000100000001000000100
001000100000010111000000001100000001010000101
000000001110100000000100000000001000000100000
001000100000010011000000000100000001000000100
000000001110100000000100000000001000000100000
001000100000010011000000000100000001000000100
001010100000010011001000000100000001000000100
001000100000010111000000001100000001010000101
001000100000010111000000001100000001010000101
001010100000010011001000000100000001000000100
000000000000000001010001100100000100001010100
001010100000010011001000000100000001000000100
001010100000010011001000000100000001000000100
011000100000010111100000000100000001010000101
001000100000010011000000000100000001000000100
001000100000010011000000000100000001000000100
001010100000010011001000000100000001000000100
000000001110100000000100000000001000000100000
001000100000010011000000000100000001000000100
000000001110100000000100000000001000000100000
001000100000010011000000000100000001000000100
011000100000010111100000000100000001010000101
000000001010100000000100000000001000000100000
001010100000010011001000000100000001000000100
000000001110100000000100000000001000000100000
001000100000010111000000001100000001010000101
001100000000000001010001100100000100000000000
000000001010100000000100000000001000000100000
000000000000000001010001100100000100001010100
001000100000010111000000001100000001010000101
000000001010100000000100000000001000000100000
001000100000010111000000001100000001010000101
001000100000010111000000001100000001010000101
001010100000010011001000000100000001000000100
001100000000000001010001100100000100000000000
001100000000000001010001100100000100000000000
001100000000000001010001100100000100100000000
001000100000010111000000001100000001010000101
001010100000010011001000000100000001000000100
000000000000000001010001100100000100001010100
000000001110100000000100010000001000000100101
001010100000010011000000000100000001000000100
001000100000011111000000001100000001010000101
001000100000010011000000000100000001000000100
001000100000011111000000001100000001010000101
001000100000010111000000001100000001010000101
000000001110100000000100000000001000000100000
000000001110100000000100010000001000000100000
001000100000010011000000000100000001000000100
000000001110100000000100000000001000000100000
001010100000010011000000000100000001000000100
001000100000010011000000000100000001000000100
001000100000010011000000000100000001000000100
001000100000010111000000001100000001010000101
001010100000010011001000000100000001000000100
001000100000010111000000001100000001010000101
001000100000010011000000000100000001000000100
001010100000010011001000000100000001000000100
001000100000010111000000001100000001010000101
001001100000010011000000000100000001000000100
000000001110100000000100000000001000000100000
001000100000010011000000000100000001000000100
000000001010100000000100000000001000000100000
001010100000010011001000000100000001000000100
000000001110100000000100000000001000000100000
001000100000010011000000000100000001000000000
001000100000011111000000001100000001010000101
001000100000011111000000001100000001010000101
000000001110100000000100000000001000000100000
001100000000000001010001100100000100000000000
001010100000010011000000000100000001000000100
000000001110100000000100000000001000000100000
001000100000011111000000001100000001010000101
101000100000010011000000000100000001000000100
001000100000010011000000000100000001000000100
001000100000010011000000000100000001000000100
000000001110100000000100000000001000000100000
001000100000011111000000001100000001010000101
001000100000010011000000000100000001000000100
001010100000010011001000000100000001000000100
001010100000010011000000000100000001000000100
001000100000010011000000000100000001000000100
001000100000010011000000000100000001000000100
000000001110100000000100010000001000000101000
001000100000010011000000000100000001000000100
000000001010100000000100000000001000000100000
001000100000010011000000000100000001000000100
000000000000000001010001100100000100001010100
001000100000011111000000001100000001010000101
001000100000010011000000000100000001000000100
001010100000010011000000000100000001000000100
000000000000010011000000000100000001000000100
000000001110100000000100000000001000000100000
001000100000010011000000000100000001000000100
000000001110100000000100000000001000000100000
000000001010100000000100000000001000000100000
000000000000000001010001100100000100001010100
001000100000011111000000001100000001010000101
001000100000010011000000000100000001000000100
001000100000010111000000001100000001010000101
001010100000010011001000000100000001000000100
000000001110100000000100000000001000000100000
001010100000010011001000000100000001000000100
001010100000010011001000000100000001000000100
001000100000010111000000001100000001010000101
001000100000011111000000001100000001010000101
101000100000010011000000000100000001000000100
000000001010100000000100000000001000000100000
000000001110100000000100010000001000000100000
001000100000011111000000001100000001010000101
001010100000010011000000000100000001000000100
001000100000010111000000001100000001010000101
001100000000000001010001100100000100000000000
001010100000010011001000000100000001000000100
000000001110100000000100000000001000000100000
000000001010100000000100000000001000000100000
001100000000000001010001100100000100100000000
101000100000010011000000000100000001000000100
001000100000010111000000000100000001010000101
000000001110100000000100010000001000000101000
001010100000010011001000000100000001000000100
000000001110100000000100000000001000000100000
000000001110100000000100000000001000000100000
001100000000000001010001100100000100000000000
001010100000010011001000000100000001000000100
001000100000011111000000001100000001010000101
000000001110100000000100000000001000000100000
001010100000010011000000000100000001000000100
001010100000010011001000000100000001000000100
000000001010100000000100000000001000000100000
001010100000010011001000000100000001000000100
001100000000000001010001100100000100000000000
001010100000010011001000000100000001000000100
000000000000000001010001100100000100001010100
000000001110100000000100000000001000000100000
001000101010100000000100010000001000000100000
000000001010100000000100000000001000000100000
001010100000010011001000000100000001000000100
001000100000011111000000001100000001010000101
001100000000000001010001100100000100000000000
001010100000010011001000000100000001000000100
001000100000010111000000001100000001010000101
001010100000010011001000000100000001000000100
001010100000010011001000000100000001000000100
001000100000011111000000001100000001010000101
001010100000010011000000000100000001000000100
011000100000010111100000000100000001010000101
001010100000010011001000000100000001000000100
011000100000010111100000000100000001010000101
011000100000010111100000000100000001010000101
000000001110100000000100000000001000000100000
001010100000010011001000000100000001000000100
001000100000010011000000000100000001000000000
001010100000010011001000000100000001000000100
001000100000010111000000001100000001010000101
001010100000010011000000000100000001000000100
001000100000010111000000000100000001010000101
001010100000010011001000000100000001000000100
001000100000010111000000001100000001010000101
001000100000010111000000001100000001010000101
000000001110100000000100010000001000000100010
001000100000010011000000000100000001000000100
001000100000011111000000001100000001010000101
001000100000010011000000000100000001000000100
000000001010100000000100000000001000000100000
001000100000010111000000000100000001010000101
000000001110100000000100000000001000000100000
011000100000010111100000000100000001010000101
000000001110100000000100000000001000000100000
001010100000010011001000000100000001000000100
001010100000010011001000000100000001000000100
001010100000010011001000000100000001000000100
000000000000000001010001100100000100001010100
001100000000000001010001100100000100000000000
001010100000010011001000000100000001000000100
000000001110100000000100000000001000000100000
001010100000010011001000000100000001000000100
000000001110100000000100000000001000000100000
000000001110100000000100000000001000000100000
001000100000010011000000000100000001000000100
001010100000010011000000000100000001000000100
001000100000010011000000000100000001000000100
000000000000000001010001100100000100001010100
000000001110100000000100000000001000000100000
001010100000010011000000000100000001000000100
001000100000011111000000001100000001010000101
001010100000010011000000000100000001000000100
001000100000010111000000001100000001010000101
000000000000000001010001100100000100001010100
001010100000010011001000000100000001000000100
001000100000010111000000001100000001010000101
001010100000010011000000000100000001000000100
001010100000010011001000000100000001000000100
001010100000010011000000000100000001000000100
000000001110100000000100000000001000000100000
001010100000010011001000000100000001000000100
001000100000010111000000001100000001010000101
000000000000000001010001100100000100001010100
000000001010100000000100000000001000000100000
001000100000010111000000001100000001010000101
001000100000011111000000001100000001010000101
001000100000010011000000000100000001000000100
001000100000010111000000001100000001010000101
001000100000010011000000000100000001000000100
001000100000010011000000000100000001000000100
000000000000000001010001100100000100001010100
001010100000010011001000000100000001010000101
001010100000010011001000000100000001000000100
001000100000010011000000000100010001000000100
001000100000010111000000001100000001010000101
000000001110100000000100010000001000000100000
000000000000000001010001100100000100001010100
000000001110100000000100010000001000000100000
000000001110100000000100000000001000000100000
001000100000010011000000000100000001000000100
001000100000010011000000000100000001000000100
001000100000010111000000001100000001010000101
001000100000011111000000001100000001010000101
001100000000000001010011100100000100001010000
000000001010100000000100000000001000000100000
001000100000010111000000001100000001010000101
000000000000000001010001100100000100001010100
000000001110100000000100000000001000000100000
000000000000000001010001100100000100001010100
001010100000010011001000000100000001000000100
001010100000010011001000000100000001000000100
000000001010100000000100000000001000000100000
001000100000010011000000000100010001000000100
000000001110100000000100000000001000000100000
001100000000000001010011100100000100001010000
000000001110100000000100010000001000000100101
001010100000010011001000000100000001000000100
001010100000010011001000000100000001000000100
000000001110100000000100000000001000000100000
001000100000011111000000001100000001010000101
001010100000010011001000000100000001000000100
000000001010100000000100000000001000000100000
001000100000010111000000001100000001010000101
000000001010100000000100000000001000000100000
000000001010100000000100000000001000000100000
000000000000000001010001100100000100001010100
001000100000010011000000000100000001000000100
001000100000010011000000000100000001000000100
000000001110100000000100000000001000000100000
000000001110100000000100010000001000000100101
000000001010100000000100000000001000000100000
001000100000010111000000000100000001010000101
001000100000011111000000001100000001010000101
000000000000000001010001100100000100001010100
001010100000010011001000000100000001000000100
000000000000000001010001100100000100001010100
001000100000010111000000001100000001010000101
000000001010100000000100000000001000000100000
001000100000010011000000000100000001000000100
001010100000010011001000000100000001000000100
000000001110100000000100000000001000000100000
001000100000011111000000001100000001010000101
000000001110100000000100000000001000000100000
001000100000010011000000000100000001000000100
001000100000010011000000000100000001000000100
001000100000010011000000000100000001000000100
000000001010100000000100000000001000000100000
000000001010100000000100000000001000000100000
000000000000000001010001100100000100001010100
001000100000010011000000000100000001000000100
000000001010100000000100000000001000000100000
000000001010100000000100000000001000000100000
001100010000000001010001100110000100000000000
000000001110100000000100000000001000000100000
000000000000000001010001100100000100001010100
000000001010100000000100000000001000000100000
001010100000010011001000000100000001000000100
000000000000000001010001100100000100001010100
011000100000010111100000000100000001010000101
001010100000010011001000000100000001000000100
001000100000010011000000000100000001000000000
000000001110100000000100000000001000000100000
000000001010100000000100000000001000000100000
001000100000011111000000001100000001010000101
000000001110100000000100000000001000000100000
000000001110100000000100000000001000000100000
001000100000010011000000000100000001000000100
001010100000010011001000000100000001000000100
001010100000010011000000000100000001000000100
001000100000010111000000000100000001010000101
000000000000000001010001100100000100001010100
000000001110100000000100000000001000000100000
000000001110100000000100000000001000000100000
011000100000010111100000000100000001010000101
000000001010100000000100010000001000000100000
000000001110100000000100000000001000000100000
001000100000010011000000000100000001000000100
000000001010100000000100010000001000000100000
011000100000010111100000000100000001010000101
011000100000010111100000000100000001010000101
000000001110100000000100010000001000000100101
001000100000010011000000000100000001000000100
001000100000010111000000001100000001010000101
001000100000011111000000001100000001010000101
000000001010100000000100000000001000000100000
000000000000000001010001100100000100001010100
001000100000011111000000001100000001010000101
001000100000010011000000000100000001000000100
000000000000000001010001100100000100001010100
000000001110100000000100010000001000000100000
000000001010100000000100000000001000000100000
000000001110100000000100010000001000000100101
001000100000010111000000001100000001010000101
000000001010100000000100000000001000000100000
000000000000000001010001100100000100001010100
000000001110100000000100000000001000000100000
001000100000011111000000001100000001010000100
001000100000010011000000000100000001000000100
001000100000010011000000000100000001000000100
001000100000010011000000000100000001000000100
101000100000010011000000000100000001000000100
001010100000010011001000000100000001000000100
000000001010100000000100000000001000000100000
000000000000000001010001100100000100001010100
001000100000010011000000000100000001000000100
001010100000010011000000000100000001000000100
001000100000010111000000000100000001010000101
000000001110100000000100000000001000000100000
001010100000010011000000000100000001000000100
000000000000000001010001100100000100001010100
001000100000011111000000001100000001010000101
001010100000010011000000000100000001000000100
001000100000010011000000000100000001000000000
001000100000010111000000001100000001010000101
001010100000010011001000000100000001000000100
001000100000010011000000000100000001000000100
001010100000010011001000000100000001000000100
001000100000010011000000000100000001000000100
001000100000010011000000000100000001000000100
001000100000010111000000001100000001010000101
001001100000010011000000000100000001000000100
000000001110100000000100000000001000000100000
000000001010100000000100000000001000000100000
001010100000010011001000000100000001000000100
000000001110100000000100000000001000000100000
001000100000010011000000000100000001000000100
000000001110100000000100000000001000000100000
000000001110100000000100010000001000000100101
001000100000010011000000000100000001000000100
000000001110100000000100000000001000000100000
001000100000010011000000000100010001000000100
000000001110100000000100000000001000000100000
001100000000000001010001100100000100000000000
000000001110100000000100000000001000000100000
001000100000010011000000000100000001000000100
000000001110100000000100000000001000000100000
000000001110100000000100010000001000000100000
001000100000011111000000001100000001010000101
001010100000010011001000000100000001000000100
001000100000010111000000001100000001010000101
001000100000010111000000001100000001010000101
001000100000011111000000001100000001010000101
001010100000010011001000000100000001000000100
001000100000011111000000001100000001010000101
001000100000011111000000001100000001010000101
000000001110100000000100000000001000000100000
001000100000010111000000001100000001010000101
000000001010100000000100000000001000000100000
001000100000010011000000000100000001000000100
001010100000010011000000000100000001000000100
001000100000010011000000000100000001000000100
001000100000010111000000001100000001010000101
001100000000000001010001100100000100000000000
001010100000010011001000000100000001000000100
001010100000010011001000000100000001000000100
000000001010100000000100000000001000000100000
001100000000000001010001100110000100000000000
001010100000010011001000000100000001000000100
001010100000010011001000000100100001000000100
001000100000010011000000000100000001000000100
001010100000010011001000000100000001000000100
001000100000010011000000000100000001000000100
000000001110100000000100000000001000000100000
000000001110100000000100000000001000000100000
001010100000010011001000000100000001000000100
001000100000010111000000001100000001010000101
000000001010100000000100000000001000000100000
001100000000000001010001100100000100000000000
000000001110100000000100000000001000000100000
001000100000010011000000000100010001000000100
001010100000010011001000000100000001000000100
001000001110100000000100000000001000000100000
000000001010100000000100000000001000000100000
000000001110100000000100000000001000000100000
000000001110100000000100010000001000000100000
000000001110100000000100000000001000000100000
001100000000000001010001100100000100000000000
001010100000010011001000000100000001000000100
000000001010100000000100000000001000000100000
001010100000010011001000000100000001000000100
000000001010100000000100000000001000000100000
001000100000011111000000001100000001010000101
001000100000011111000000001100000001010000101
001010100000010011000000000100000001000000100
000000001110100000000100000000001000000100000
000000001010100000000100000000001000000100000
001010100000010011001000000100000001010000101
000000001110100000000100000000001000000100000
000000001110100000000100000000001000000100000
000000000000010011000000000100000001000000100
001010100000010011001000000100000001000000100
001100000000000001010001100100000100000000000
000000001110100000000100010000001000000100101
001010100000010011001000000100000001000000100
000000001110100000000100000000001000000100000
000000001010100000000100010000001000000100000
000000001010100000000100000000001000000100000
001010100000010011000000000100000001000000100
001100000000000001010001100100000100000000000
001010100000010011001000000100000001000000100
000000001110100000000100010000001000000100101
001010100000010011001000000100000001000000100
001000100000010111000000001100000001010000101
001000100000011111000000001100000001010000101
001010100000010011000000000100000001000000100
000000000000010011000000000100000001000000100
101000100000010011000000000100000001000000100
001000100000011111000000001100000001010000101
001000100000011111000000001100000001010000101
001000100000010111000000001100000001010000101
001000100000010111000000001100000001010000101
001000100000010011000000000100000001000000000
001010100000010011001000000100000001000000100
000000001110100000000100000000001000000100000
001100000000000001010001100100000100000000000
000000001110100000000100000000001000000100000
001010100000010011001000000100000001000000100
001010100000010011000000000100000001000000100
000000001110100000000100000000001000000100000
001010100000010011001000000100000001000000100
001000100000011111000000001100000001010000101
000000000000000001010001100100000100001010100
001000100000011111000000001100000001010000101
001010100000010011000000000100000001000000100
001000100000010111000000001100000001010000101
000000001110100000000100000000001000000100000
001010100000010011000000000100000001000000100
000000001110100000000100010000001000000100101
001010100000010011001000000100000001000000100
001010100000010011001000000100000001000000100
000000001110100000000100000000001000000100000
001000100000010111010001100100000100001010100
000000001110100000000100000000001000000100000
001000100000010011000000000100000001000000100
001010100000010011000000000100000001000000100
001010100000010011000000000100000001000000100
001010100000010011000000000100000001000000100
001010100000010011001000000100000001000000100
001010100000010011000000000100000001010000101
000000001110100000000100010000001000000100000
001000100000010011000000000100000001000000100
001010100000010011001000000100000001000000100
001000100000011111000000001100000001010000101
001000100000011111000000001100000001010000101
001000100000010011000000000100000001000000000
001010100000010011001000000100000001000000100
001000100000011111000000001100000001010000101
000000001110100000000100000000001000000100000
001010100000010011000000000100000001000000100
001010100000010011000000000100000001000000100
000000001010100000000100000000001000000100000
001000100000011111000000001100000001010000101
001100000000000001010001100100000100100000000
001100000000000001010001100100000100000000000
000000000000000001010001100100000100001010100
001010100000010011001000000100000001000000100
001000100000011111000000001100000001010000101
000000001010100000000100000000001000000100000
000000001010100000000100000000001000000100000
000000001110100000000100010000001000000100000
001010100000010011001000000100000001000000100
000000001110100000000100000000001000000100000
001010100000010011000000000100000001000000100
000000001010100000000100000000001000000100000
001000100000010111000000001100000001010000101
000000001110100000000100010000001000000101000
001010100000010011001000000100000001010000101
001010100000010011001000000100000001000000100
001000100000010111000000000100000001010000101
000000000000000001010001100100000100001010100
001010100000010011001000000100000001000000100
001100000000000001010001100100000100100000000
000000000000010011000000000100000001000000100
001000100000011111000000001100000001010000101
000000001010100000000100010000001000000100000
001010100000010011000000000100000001000000100
000000001010100000000100000000001000000100000
001000100000011111000000001100000001010000101
001000100000010011000000000100000001000000100
001010100000010011001000000100000001000000100
000000001010100000000100000000001000000100000
000000001010100000000100000000001000000100000
000000001110100000000100010000001000000100000
001010100000010011001000000100000001000000100
001000100000010011000000000100000001000000000
001000100000010011000000000100000001000000100
001000100000010011000000000100000001000000100
001010100000010011000000000100000001000000100
000000001110100000000100000000001000000100000
001010100000010011000000000100000001000000100
000000001110100000000100000000001000000100000
000000001010100000000100000000001000000100000
001000100000011111000000001100000001010000101
000000001110100000000100010000001000000100000
001010100000010011001000000100000001000000100
001000100000011111000000001100000001010000101
001000100000011111000000001100000001010000101
000000001010100000000100000000001000000100000
001000100000011111000000001100000001010000101
000000001110100000000100000000001000000100000
001010100000010011001000000100000001010000101
000000000000000001010001100100000100001010100
001000100000011111000000001100000001010000101
000000000000000001010001100100000100001010100
000000001110100000000100000000001000000100000
001010100000010011001000000100000001000000100
001010100000010011000000000100000001000000100
001000100000010111000000001100000001010000101
001000100000010011000000000100000001000000100
001100000000000001010001100100000100000000000
001010100000010011001000000100000001000000100
001000100000010111000000001100000001010000101
001100000000000001010011100100000100001010000
000000001110100000000100010000001000000100101
001010100000010011000000000100000001000000100
001000100000010111000000000100000001010000101
000000001110100000000100010000001000000100000
000000001110100000000100000000001000000100000
001010100000010011000000000100000001000000100
000000001010100000000100000000001000000100000
001010100000010011000000000100000001000000100
000000000000000001010001100100000100001010100
001010100000010011001000000100000001000000100
001100000000000001010001100100000100000000000
001000100000010111000000001100000001010000101
001100000000000001010001100100000100000000000
001000100000010011000000000100000001000000100
000000001110100000000100000000001000000100000
001100000000000001010001100100000100000000000
001000100000011111000000001100000001010000101
001000100000010111000000001100000001010000101
001000100000010111000000001100000001010000101
000000001110100000000100000000001000000100000
001000100000010011000000000100000001000000100
000000001010100000000100000000001000000100000
001000100000011111000000001100000001010000101
001010100000010011001000000100000001000000100
001010100000010011001000000100000001000000100
001000100000011111000000001100000001010000101
011000100000010111100000000100000001010000101
000000000000000001010001100100000100001010100
001010100000010011001000000100000001000000100
001000100000010011000000000100000001000000100
000000001110100000000100010000001000000100000
000000001110100000000100000000001000000100000
011000100000010111100000000100000001010000101
000000000000000001010001100100000100001010100
001010100000010011001000000100000001000000100
001010100000010011001000000100000001000000100
001000100000011111000000001100000001010000101
001010100000010011000000000100000001000000100
000000000000010011000000000100000001000000100
000000001110100000000100000000001000000100000
001000100000010011000000000100000001000000100
001000100000010011000000000100000001000000100
000000001010100000000100000000001000000100000
001010100000010011001000000100000001000000100
000000001110100000000100000000001000000100000
001100000000000001010001100100000100000000000
001000100000010011000000000100000001000000100
011000100000010111100000000100000001010000101
000000001110100000000100010000001000000100101
001000100000010011000000000100000001000000100
001010100000010011001000000100000001000000100
011000100000010111100000000100000001010000101
001000100000011111000000001100000001010000101
000000001010100000000100010000001000000100000
000000000000000001010001100100000100001010100
001010100000010011001000000100000001000000100
000000001110100000000100010000001000000100000
001000100000011111000000001100000001010000101
001010100000010011001000000100000001000000100
001010100000010011000000000100000001000000100
001000100000011111000000001100000001010000101
000000001110100000000100000000001000000100000
001010100000010011000000000100000001000000100
001000100000010111000000001100000001010000101
000000001110100000000100000000001000000100000
000000001010100000000100000000001000000100000
001000100000010111000000001100000001010000101
001010100000010011000000000100000001000000100
000000001110100000000100010000001000000100000
001010100000010011000000000100000001000000100
001000100000010111000000001100000001010000101
000000001110100000000100010000001000000100101
001010100000010011000000000100000001000000100
000000001110100000000100000000001000000100000
001000100000010111000000001100000001010000101
000000001010100000000100000000001000000100000
001010100000010011001000000100000001000000100
001010100000010011000000000100000001000000100
001010100000010011001000000100000001000000100
000000001110100000000100000000001000000100000
001000100000010111000000001100000001010000101
001000001110100000000100000000001000000100000
001000100000010011000000000100000001000000100
011000100000010111100000000100000001010000101
001010100000010011001000000100000001000000100
001000100000010011000000000100000001000000100
000000001010100000000100000000001000000100000
001010100000010011000000000100000001000000100
101000100000010011000000000100000001000000100
001000100000011111000000001100000001010000101
001000100000010011000000000100000001000000100
001000101010100000000100010000001000000100000
001010100000010011001000000100000001000000100
001000100000010111000000001100000001010000101
001000100000010011000000000100000001000000100
000000000000000001010001100100000100001010100
001010100000010011000000000100000001000000100
001010100000010011001000000100000001000000100
000000001110100000000100000000001000000100000
001010100000010011000000000100000001000000100
000000001010100000000100000000001000000100000
000000001110100000000100000000001000000100000
001000100000010011000000000100000001000000100
000000001010100000000100000000001000000100000
001010100000010011001000000100000001000000100
001010100000010011001000000100000001000000100
001000100000010011000000000100000001000000100
011000100000010111100000000100000001010000101
001010100000010011000000000100000001000000100
001000100000010011000000000100000001000000100
001000100000010011000000000100000001000000100
001010100000010011001000000100000001000000100
001100000000000001010001100100000100000000000
001000100000011111000000001100000001010000101
011000100000010111100000000100000001010000101
001010100000010011001000000100000001000000100
001000100000011111000000001100000001010000101
001010100000010011000000000100000001000000100
001010100000010011001000000100000001000000100
001000100000011111000000001100000001010000101
001100000000000001010001100100000100000000000
001010100000010011001000000100000001000000100
001000100000010111000000001100000001010000101
001000100000010011000000000100000001000000100
001000100000011111000000001100000001010000101
001010100000010011001000000100000001000000100
001000100000010011000000000100000001000000100
001010100000010011000000000100000001000000100
001010100000010011001000000100000001000000100
101000100000010011000000000100000001000000100
001000100000010111000000000100000001010000101
001010100000010011001000000100000001000000100
001000100000011111000000001100000001010000101
001010100000010011001000000100000001000000100
000000001110100000000100010000001000000100101
001000100000010011000000000100010001000000100
001000100000011111000000001100000001010000101
001010100000010011001000000100000001000000100
001000100000011111000000001100000001010000101
000000001110100000000100000000001000000100000
001010100000010011001000000100000001000000100
000000001110100000000100010000001000000101000
001010100000010011000000000100000001010000101
001000100000011111000000001100000001010000101
001100000000000001010001100100000100000000000
001000100000010011000000000100000001000000100
001100000000000001010001100110000100000000000
001000100000011111000000001100000001010000101
000000001110100000000100010000001000000100000
001000100000011111000000001100000001010000101
000000001110100000000100000000001000000100000
001000100000010011000000000100000001000000100
000000001110100000000100010000001000000100101
000000001010100000000100000000001000000100000
000000001110100000000100000000001000000100000
000000001110100000000100010000001000000101000
001000100000011111000000001100000001010000101
001000101010100000000100010000001000000100000
001000100000011111000000001100000001010000101
000000001010100000000100010000001000000100000
001100000000000001010001100100000100000000000
001000100000010011000000000100000001000000100
000000001110100000000100000000001000000100000
001100000000000001010001100100000100000000000
000000001110100000000100000000001000000100000
000000001110100000000100000000001000000100000
001010100000010011000000000100000001000000100
001000100000010111000000000100000001010000101
001000100000010111000000001100000001010000101
000000001011100000000100000000001000000100000
001000100000010011000000000100000001000000100
000000001010100000000100000000001000000100000
001100000000000001010001100100000100000000000
001000100000011111000000001100000001010000101
000000000000000001010001100100000100001010100
001000100000010111000000001100000001010000101
001010100000010011001000000100000001000000100
001000100000010011000000000100000001000000100
001010100000010011001000000100000001000000100
000000001010100000000100000000001000000100000
001010100000010011001000000100000001000000100
000000001010100000000100000000001000000100000
001000100000010011000000000100000001000000100
001000100000010011000000000100000001000000100
001000100000011111000000001100000001010000101
001000100000010111000000001100000001010000101
001010100000010011001000000100000001000000100
001010100000010011001000000100000001000000100
001010100000010011001000000100000001010000101
001010100000010011000000000100000001000000100
001000100000010011000000000100000001000000100
001000100000011111000000001100000001010000101
001010100000010011001000000100000001000000100
000000001010100000000100000000001000000100000
001010100000010011001000000100000001000000100
001000100000010011000000000100000001000000100
000000001110100000000100000000001000000100000
001000100000010011000000000100000001000000100
000000001110100000000100000000001000000100000
000000000000000001010001100100000100001010100
001000100000010011000000000100000001000000100
001000100000010011000000000100000001000000100
000000001110100000000100000000001000000100000
000000000000000001010001100100000100001010100
001000100000010111000000001100000001010000101
011000100000010111100000000100000001010000101
001010100000010011000000000100000001000000100
000000000000000001010001100100000100001010100
001000100000010111000000001100000001010000101
000000001110100000000100000000001000000100000
001000100000011111000000001100000001010000101
001010100000010011001000000100000001000000100
001010100000010011000000000100000001000000100
001100000000000001010001100100000100000000000
001010100000010011000000000100000001000000100
001000100000010011000000000100000001000000100
001000100000010011000000000100000001000000100
001100000000000001010011100100000100001010000
001010100000010011000000000100000001000000100
001100000000000001010001100100000100000000000
001000100000010111000000001100000001010000101
001000100000010111000000001100000001010000101
001010100000010011000000000100000001000000100
001010100000010011001000000100000001000000100
001000100000011111000000001100000001010000101
001000100000010111000000001100000001010000101
000000001110100000000100000000001000000100000
001010100000010011001000000100000001000000100
001000100000010011000000000100000001000000100
000000001010100000000100000000001010000100000
001010100000010011000000000100000001000000100
001010100000010011001000000100000001000000100
001000100000010011000000000100000001000000100
001010100000010011000000000100000001000000100
001010100000010011001000000100000001000000100
001000100000010011000000000100000001000000000
001100000000000001010001100100000100100000000
000000001010100000000100000000001000000100000
001010100000010011001000000100000001000000100
001000100000010011000000000100000001000000100
000000000000000001010001100100000100001010100
000000001110100000000100000000001000000100000
000000001110100000000100010000001000000100101
001000100000010111000000001100000001010000101
001000100000010111000000001100000001010000101
001000100000010011000000000100000001000000100
001010100000010011000000000100000001000000100
000000000000000001010001100100000100001010100
001000100000010011000000000100000001000000100
001010100000010011000000000100000001000000100
001010100000010011001000000100000001000000100
001000100000010011000000000100000001000000100
000000001110100000000100000000001000000100000
000000000000000001010001100100000100001010100
001000100000010111000000000100000001010000101
001100000000000001010001100100000100000000000
001000100000011111000000001100000001010000101
001000100000010011000000000100000001000000100
001100000000000001010001100100000100000000000
001000100000010011000000000100000001000000100
001010100000010011001000000100000001000000100
001000100000011111000000001100000001010000101
000000001110100000000100000000001000000100000
000000001010100000000100000000001000000100000
001000100000010111000000000100000001010000101
001000100000011111000000001100000001010000101
001010100000010011000000000100000001000000100
000000000000000001010001100100000100001010100
000000001110100000000100000000001000000100000
000000001010100000000100000000001000000100000
000000001010100000000100000000001000000100000
000000001110100000000100000000001000000100000
001010100000010011001000000100000001000000100
000000001010100000000100010000001000000100000
001010100000010011001000000100000001000000100
001100000000000001010001100100000100000000000
001010100000010011001000000100000001000000100
000000001010100000000100010000001000000100000
000000001110100000000100000000001000000100000
001000100000011111000000001100000001010000101
001000100000010011000000000100000001000000100
001010100000010011000000000100000001000000100
000000001110100000000100000000001000000100000
001010100000010011001000000100000001000000100
000000001010100000000100000000001010000100000
001010100000010011001000000100000001000000100
001000100000010011000000000100010001000000100
000000001010100000000100000000001000000100000
001000100000010111000000001100000001010000101
000000001110100000000100000000001000000100000
001100000000000001010001100100000100000000000
001010100000010011000000000100000001000000100
000000000000000001010001100100000100001010100
001010100000010011001000000100000001000000100
001010100000010011001000000100000001000000100
001000100000010011000000000100000001000000100
001000100000011111000000001100000001010000101
001010100000010011001000000100000001000000100
001100000000000001010011100100000100001010000
000000000000000001010001100100000100001010100
001000100000010011000000000100000001000000000
001010100000010011001000000100000001000000100
001100000000000001010001100100000100000000000
001010100000010011001000000100000001000000100
001010100000010011000000000100000001000000100
001000100000011111000000001100000001010000101
001010100000010011000000000100000001000000100
000000001010100000000100000000001000000100000
000000001110100000000100000000001000000100000
001000100000010111000000001100000001010000101
001000100000010111000000001100000001010000101
001000100000010011000000000100000001000000100
001010100000010011001000000100000001000000100
001000100000011111000000001100000001010000101
001000100000010011000000000100000001000000100
001000001110100000000100000000001000000100000
000000001110100000000100010000001000000100000
000000001011100000000100000000001000000100000
001010100000010011001000000100000001000000100
001000100000010011000000000100000001000000100
001000100000011111000000001100000001010000101
001000100000010111000000001100000001010000101
001000100000010011000000000100000001000000100
001100000000000001010001100100000100000000000
000000001110100000000100010000001000000100000
001010100000010011001000000100000001000000100
001000100000011111000000001100000001010000101
001010100000010011001000000100000001000000100
001010100000010011001000000100000001000000100
001000100000010011000000000100000001000000100
011000100000010111100000000100000001010000101
001010100000010011000000000100000001000000100
001010100000010011001000000100000001000000100
000000000000000001010001100100000100001010100
001000100000011111000000001100000001010000101
101000100000010011000000000100000001000000100
000000000000000001010001100100000100001010100
000000001110100000000100000000001000000100000
001010100000010011001000000100000001000000100
001010100000010011000000000100000001000000100
001000100000010111000000000100000001010000101
000000000000000001010001100100000100001010100
001000100000010111000000001100000001010000101
000000000000000001010001100100000100001010100
000000001110100000000100000000001000000100000
001010100000010011001000000100000001000000100
001000100000010111000000001100000001010000101
001010100000010011001000000100000001000000100
000000001010100000000100000000001000000100000
011000100000010111100000000100000001010000101
001010100000010011001000000100000001000000100
000000001010100000000100000000001000000100000
001010100000010011001000000100000001000000100
001010100000010011001000000100000001000000100
001000100000011111000000001100000001010000101
001100000000000001010001100100000100000000000
001010100000010011001000000100000001000000100
000000001010100000000100000000001000000100000
000000001110100000000100000000001000000100000
000000000000000001010001100100000100001010100
001100000000000001010001100100000100000000000
001100000000000001010001100100000100000000000
001000100000011111000000001100000001010000101
001010100000010011001000000100000001000000100
001000100000010111000000001100000001010000101
000000001110100000000100000000001000000100000
001100000000000001010001100100000100000000000
001010100000010011001000000100000001000000100
001000100000011111000000001100000001010000101
001100000000000001010001100100000100000000000
001000100000010111000000001100000001010000101
001010100000010011000000000100000001000000100
001010100000010011001000000100000001000000100
001010100000010011001000000100000001000000100
000000000000000001010001100100000100001010100
001000100000010111000000001100000001010000101
000000001110100000000100010000001000000100101
001000100000010111000000001100000001010000101
001000100000011111000000001100000001010000101
001000100000010111000000001100000001010000101
000000000000010011000000000100000001000000100
001000100000010011000000000100000001000000100
001100000000000001010001100100000100000000000
000000001110100000000100000000001000000100000
000000001010100000000100000000001000000100000
001000100000010011000000000100000001000000100
001010100000010011001000000100000001000000100
011000100000010111100000000100000001010000101
001000100000010111000000000100000001010000101
001000100000010011000000000100000001000000100
000000001110100000000100010000001000000100000
000000001110100000000100000000001000000100000
011000100000010111100000000100000001010000101
000000000000000001010001100100000100001010100
000000001110100000000100000001001000000100000
000000000000000001010001100100000100001010100
001000100000011111000000001100000001010000101
000000001010100000000100000000001000000100000
001010100000010011001000000100000001000000100
001100000000000001010001100100000100000000000
001000100000011111000000001100000001010000101
001000100000011111000000001100000001010000101
001000100000010111000000001100000001010000101
000000001010100000000100010000001000000100000
001010100000010011001000000100000001000000100
001010100000010011000000000100000001000000100
000000000000000001010001100100000100001010100
101000100000010011000000000100000001000000100
000000000000000001010001100100000100001010100
001000100000011111000000001100000001010000101
001010100000010011000000000100000001000000100
000000001010100000000100010000001000000100000
001000100000010011000000000100000001000000100
000000000000000001010001100100000100001010100
001000100000010111000000000100000001010000101
001000100000011111000000001100000001010000101
000000001110100000000100000000001000000100000
001010100000010011001000000100000001000000100
001000100000010111000000001100000001010000101
000000001010100000000100000000001000000100000
001000100000010011000000000100000001000000100
001000100000010111000000001100000001010000101
001000100000010011000000000100000001000000100
001010100000010011000000000100000001000000100
001000100000010011000000000100000001000000100
001000100000010111010001100100000100001010100
001010100000010011001000000100000001000000100
011000100000010111100000000100000001010000101
001000100000010011000000000100000001000000100
001000100000010011000000000100000001000000100
001000100000010011000000000100000001000000100
001000100000010011000000000100000001000000100
001000100000011111000000001100000001010000101
000000001010100000000100000000001000000100000
001010100000010011001000000100000001000000100
001000100000011111000000001100000001010000101
011000100000010111100000000100000001010000101
001000100000010011000000000100000001000000100
001000100000010111000000001100000001010000101
001100000000000001010001100100000100100000000
001100000000000001010001100100000100000000000
000000000000000001010001100100000100001010100
000000001110100000000100000000001000000100000
001010100000010011001000000100000001000000100
000000000000000001010001100100000100001010100
001000101010100000000100010000001000000100000
000000001110100000000100000000001000000100000
001010100000010011000000000100000001000000100
001000100000010011000000000100000001000000100
001010100000010011000000000100000001000000100
001010100000010011000000000100000001000000100
001000100000010011000000000100000001000000100
001000100000010011000000000100000001000000100
000000001010100000000100000000001000000100000
001000100000010011000000000100000001000000100
001010100000010011001000000100000001000000100
000000001110100000000100000000001000000100000
001010100000010011001000000100000001000000100
001010100000010011001000000100000001000000100
001010100000010011000000000100000001000000100
001010100000010011001000000100000001000000100
001000100000010011000000000100000001000000100
001010100000010011000000000100000001000000100
001010100000010011001000000100000001000000100
001010100000010011001000000100000001000000100
001000100000010111000000001100000001010000101
001010100000010011001000000100000001000000100
001010100000010011000000000100000001000000100
000000001010100000000100000000001000000100000
001100000000000001010001100100000100000000000
001000100000011111000000001100000001010000101
001000100000010011000000000100000001000000100
000000001010100000000100000000001000000100000
001010100000010011001000000100000001000000100
001000100000011111000000001100000001010000101
000000000000000001010001100100000100001010100
001100000000000001010001100110000100000000000
001000100000010111000000000100000001010000101
001000100000010011000000000100000001000000000
001000100000010011000000000100000001000000100
000000001110100000000100000000001000000100000
001000100000011111000000001100000001010000101
000000001110100000000100000000001000000100000
001000100000011111000000001100000001010000101
000000001110100000000100000000001000000100000
001000100000010011000000000100010001000000100
000000001110100000000100000000001000000100000
001000100000010111000000001100000001010000101
001000100000011111000000001100000001010000101
001010100000010011001000000100000001000000100
001010100000010011001000000100000001000000100
001000100000010011000000000100000001000000100
001000100000011111000000001100000001010000101
000000001110100000000100010000001000000100101
001000100000011111000000001100000001010000101
001010100000010011001000000100000001000000100
001100000000000001010001100100000100000000000
011000100000010111100000000100000001010000101
000000001110100000000100000000001000000100000
000000000000000001010001100100000100001010100
000000001110100000000100000000001000000100000
001010100000010011000000000100000001000000100
000000000000000001010001100100000100001010100
001000100000011111000000001100000001010000101
000000001110100000000100000000001000000100000
001010100000010011001000000100000001000000100
001010100000010011000000000100000001000000100
001000100000010111000000001100000001010000101
000000001010100000000100000000001000000100000
000000001110100000000100010000001000000100010
001000100000011111000000001100000001010000101
001000100000011111000000001100000001010000101
000000001110100000000100000000001000000100000
001000100000011111000000001100000001010000101
001100000000000001010001100100000100000000000
001000100000010111000000001100000001010000101
001000100000010011000000000100000001000000100
000000001010100000000100000000001000000100000
001000100000010011000000000100000001000000100
001000100000011111000000001100000001010000101
001010100000010011000000000100000001000000100
000000001110100000000100000000001000000100000
001010100000010011001000000100000001000000100
000000001010100000000100010000001000000100000
001010100000010011000000000100000001000000100
000000001110100000000100000000001000000100000
000000001010100000000100000000001000000100000
001000100000010111000000001100000001010000101
001000100000010011000000000100000001000000100
011000100000010111100000000100000001010000101
000000001110100000000100000000001000000100000
001100000000000001010001100100000100000000000
001010100000010011001000000100000001000000100
001010100000010011001000000100000001000000100
000000001110100000000100010000001000000100000
001000100000011111000000001100000001010000101
001010100000010011001000000100000001000000100
001000100000010011000000000100000001000000100
001000100000010011000000000100000001000000100
000000001110100000000100000000001000000100000
001010100000010011000000000100000001000000100
001000100000011111000000001100000001010000101
000000001110100000000100000000001000000100000
000000001110100000000100000000001000000100000
001000100000010111000000001100000001010000101
001000100000010111000000001100000001010000101
001010100000010011001000000100000001000000100
001000100000010111000000000100000001010000101
001000100000010011000000000100000001000000100
000000001110100000000100000000001000000100000
000000001010100000000100010000001000000100000
001000100000010111000000001100000001010000101
001000100000010111000000001100000001010000101
001000100000010111000000000100000001010000101
001000100000010111000000001100000001010000101
001000100000010111000000001100000001010000101
001010100000010011001000000100000001000000100
000000001110100000000100010000001000000100101
001000100000010111000000001100000001010000101
011000100000010111100000000100000001010000101
001000100000010111000000001100000001010000101
001000100000010011000000000100000001000000100
001000100000010011000000000100000001000000100
011000100000010111100000000100000001010000101
001000100000010111000000001100000001010000101
000000001110100000000100000000001000000100000
001010100000010011001000000100000001000000100
000000001110100000000100000000001000000100000
001010100000010011001000000100000001000000100
001010100000010011001000000100000001000000100
000000001010100000000100000000001000000100000
000000001110100000000100000000001000000100000
001010100000010011001000000100000001000000100
001000100000010111000000001100000001010000101
001010100000010011000000000100000001000000100
001100000000000001010001100100000100000000000
001010100000010011000000000100000001000000100
001010100000010011001000000100000001000000100
001010100000010011000000000100000001000000100
000000000000010011000000000100000001000000100
001000100000011111000000001100000001010000101
000000001010100000000100000000001000000100000
001100000000000001010011100100000100001010000
000000001110100000000100000000001000000100000
001000100000010011000000000100000001000000100
001000100000010011000000000100000001000000100
001000100000011111000000001100000001010000101
001100010000000001010001100110000100000000000
001000100000010011000000000100000001000000100
101000100000010011000000000100000001000000100
001010100000010011001000000100000001000000100
001100010000000001010001100110000100000000000
001010100000010011000000000100000001000000100
000000001010100000000100000000001010000100000
001000100000010011000000000100000001000000100
000000001010100000000100000000001000000100000
001010100000010011001000000100000001000000100
001000100000010011000000000100010001000000100
001000100000010111000000000100000001010000101
001010100000010011001000000100000001000000100
001010100000010011001000000100000001000000100
000000001110100000000100000000001000000100000
000000001010100000000100000000001000000100000
001000100000010011000000000100000001000000100
001010100000010011001000000100000001000000100
000000001110100000000100000000001000000100000
000000001010100000000100000000001000000100000
001000100000010011000000000100000001000000000
001010100000010011000000000100000001000000100
001010100000010011001000000100000001000000100
000000000000000001010001100100000100001010100
001100000000000001010001100100000100000000000
001010100000010011000000000100000001000000100
000000001010100000000100000000001000000100000
001010100000010011000000000100000001000000100
001000100000011111000000001100000001010000101
001010100000010011001000000100000001000000100
000000001110100000000100000000001000000100000
011000100000010111100000000100000001010000101
000000001110100000000100000000001000000100000
001010100000010011001000000100000001000000100
001010100000010011000000000100000001000000100
001000100000010011000000000100000001000000100
011000100000010111100000000100000001010000101
001000100000010011000000000100000001000000100
001000101010100000000100010000001000000100000
001010100000010011000000000100000001000000100
001100000000000001010001100100000100000000000
001000001110100000000100000000001000000100000
000000001110100000000100000000001000000100000
001010100000010011001000000100000001000000100
001000100000010011000000000100000001000000100
001010100000010011000000000100000001000000100
011000100000010111100000000100000001010000101
001000100000010111000000000100000001010000101
000000001110100000000100010000001000000100000
000000001110100000000100000000001000000100000
011000100000010111100000000100000001010000101
000000000000000001010001100100000100001010100
001010100000010011001000000100000001000000100
001010100000010011001000000100000001000000100
001000100000010011000000000100000001000000100
011000100000010111100000000100000001010000101
001000100000010011000000000100000001000000100
001010100000010011000000000100000001010000101
001000100000010011000000000100000001000000100
001100000000000001010001100100000100000000000
001100000000000001010001100100000100000000000
001010100000010011000000000100000001000000100
001010100000010011000000000100000001000000100
001100000000000001010001100100000100000000000
001100000000000001010001100100000100000000000
000000000000000001010001100100000100001010100
001010100000010011001000000100000001000000100
001000100000010111000000001100000001010000101
001010100000010011001000000100000001000000100
000000001110100000000100000000001000000100000
000000001110100000000100000000001000000100000
001000100000010011000000000100000001000000100
000000001011100000000100000000001000000100000
000000001010100000000100000000001000000100000
001000100000011111000000001100000001010000101
001000100000010011000000000100000001000000100
001010100000010011001000000100000001000000100
000000001110100000000100010000001000000101000
001000100000010111000000000100000001010000101
000000001010100000000100000000001000000100000
001010100000010011001000000100000001000000100
000000001010100000000100010000001000000100000
001000100000010011000000000100000001000000100
001000100000011111000000001100000001010000101
000000001010100000000100000000001000000100000
001100000000000001010001100100000100000000000
001000100000010011000000000100010001000000100
000000001010100000000100000000001000000100000
001000100000011111000000001100000001010000101
001010100000010011001000000100000001000000100
000000001110100000000100000000001000000100000
001010100000010011001000000100000001000000100
001000100000011111000000001100000001010000101
001000100000010111000000001100000001010000101
000000000000000001010001100100000100001010100
001010100000010011001000000100000001000000100
001010100000010011000000000100000001000000100
001010100000010011000000000100000001000000100
001010100000010011001000000100000001000000100
001010100000010011001000000100000001000000100
000000001010100000000100000000001000000100000
001010100000010011001000000100000001000000100
001010100000010011001000000100000001010000101
001000100000010011000000000100000001000000100
001000100000010111000000001100000001010000101
001010100000010011000000000100000001000000100
000000001010100000000100000000001000000100000
001000100000010011000000000100000001000000100
001100000000000001010001100100000100000000000
000000000000000001010001100100000100001010100
000000001110100000000100000000001000000100000
001100000000000001010001100100000100000000000
001000100000010011000000000100000001000000100
001000100000011111000000001100000001010000101
000000001110100000000100010000001000000100101
001000101010100000000100010000001000000100000
001010100000010011001000000100000001000000100
001000100000011111000000001100000001010000101
001010100000010011001000000100000001000000100
000000001110100000000100000000001000000100000
001100000000000001010001100100000100000000000
001000100000011111000000001100000001010000101
000000001010100000000100000000001000000100000
001000100000011111000000001100000001010000101
000000001110100000000100010000001000000100101
000000000000000001010001100100000100001010100
000000001010100000000100000000001000000100000
001000100000010111000000000100000001010000101
001000100000010011000000000100000001000000100
001010100000010011000000000100000001000000100
001010100000010011000000000100000001000000100
001000100000011111000000001100000001010000101
000000000000000001010001100100000100001010100
001000100000011111000000001100000001010000101
000000001110100000000100010000001000000100000
001000100000010111000000001100000001010000101
000000001010100000000100000000001000000100000
001000100000011111000000001100000001010000101
001100000000000001010001100100000100000000000
001000100000010011000000000100000001000000100
000000001110100000000100000000001000000100000
000000001110100000000100000000001000000100000
011000100000010111100000000100000001010000101
001000100000010111000000001100000001010000101
001010100000010011001000000100000001000000100
001010100000010011001000000100000001000000100
000000000000000001010001100100000100001010100
001000100000010011000000000100000001000000100
001000100000010011000000000100000001000000100
001000100000010011000000000100000001000000100
011000100000010111100000000100000001010000101
001010100000010011000000000100000001000000100
001010100000010011000000000100000001000000100
001010100000010011000000000100000001000000100
001010100000010011001000000100000001000000100
000000001010100000000100000000001000000100000
001000100000011111000000001100000001010000101
011000100000010111100000000100000001010000101
001000100000010111000000001100000001010000101
000000001110100000000100000000001000000100000
000000000000000001010001100100000100001010100
000000001110100000000100000000001000000100000
001010100000010011000000000100000001000000100
001000100000011111000000001100000001010000101
001010100000010011001000000100000001000000100
001010100000010011001000000100000001000000100
000000001110100000000100000000001000000100000
000000001010100000000100000000001000000100000
000000001010100000000100000000001000000100000
001000100000010011000000000100000001000000100
000000001010100000000100010000001000000100000
000000001010100000000100000000001000000100000
001000100000011111000000001100000001010000101
001000100000010011000000000100000001000000000
001010100000010011000000000100000001000000100
000000001010100000000100000000001000000100000
001010100000010011001000000100000001000000100
011000100000010111100000000100000001010000101
001000100000010111000000001100000001010000101
001000100000011111000000001100000001010000101
001000100000010011000000000100000001000000100
001000100000011111000000001100000001010000101
001010100000010011000000000100000001000000100
000000001110100000000100000000001000000100000
000000000000000001010001100100000100001010100
001000100000011111000000001100000001010000101
001100000000000001010011100100000100001010000
001010100000010011000000000100000001000000100
001000100000010111000000000100000001010000101
000000001110100000000100000000001000000100000
000000001010100000000100000000001000000100000
000000001110100000000100000000001000000100000
001010100000010011001000000100000001000000100
001000100000010011000000000100000001000000100
001000100000010011000000000100000001000000000
001010100000010011001000000100000001000000100
001000100000010011000000000100000001000000000
001000100000010011000000000100010001000000100
001000100000010011000000000100000001000000100
001000001110100000000100000000001000000100000
001000100000011111000000001100000001010000101
001000100000010111000000000100000001010000101
001000100000010111000000001100000001010000101
001000100000010011000000000100000001000000100
000000001110100000000100000000001000000100000
000000000000000001010001100100000100001010100
001000100000011111000000001100000001010000101
001010100000010011001000000100000001000000100
000000000000000001010001100100000100001010100
001010100000010011000000000100000001000000100
001010100000010011001000000100000001000000100
000000001010100000000100000000001000000100000
001010100000010011000000000100000001000000100
001010100000010011001000000100000001000000100
001010100000010011000000000100000001010000101
011000100000010111100000000100000001010000101
001010100000010011001000000100000001000000100
001010100000010011000000000100000001000000100
001000100000011111000000001100000001010000101
000000001110100000000100000000001000000100000
000000001010100000000100000000001000000100000
000000001010100000000100000000001000000100000
001100000000000001010001100100000100000000000
001010100000010011000000000100000001000000100
001100000000000001010001100100000100100000000
001000100000010111000000001100000001010000101
001010100000010011000000000100000001000000100
001100000000000001010001100100000100000000000
001000100000011111000000001100000001010000101
001010100000010011001000000100000001000000100
001000100000010011000000000100000001000000100
000000000000000001010001100100000100001010100
000000001110100000000100000000001000000100000
000000001110100000000100000000001000000100000
001000100000010011000000000100000001000000100
000000001110100000000100010000001000000100101
001000100000011111000000001100000001010000101
000000001110100000000100010000001000000100101
000000001110100000000100010000001000000100000
001100000000000001010001100100000100100000000
001000100000010111000000001100000001010000101
001000100000010111000000001100000001010000101
000000001110100000000100000000001000000100000
001010100000010011001000000100000001000000100
001010100000010011000000000100000001000000100
000000001110100000000100000000001000000100000
001000100000010011000000000100000001000000100
001010100000010011001000000100000001000000100
001000100000011111000000001100000001010000101
000000001110100000000100000000001000000100000
001000100000011111000000001100000001010000101
001010100000010011001000000100000001000000100
001000100000010011000000000100000001000000100
011000100000010111100000000100000001010000101
000000001110100000000100010000001000000100101
001010100000010011001000000100000001000000100
001010100000010011001000000100000001000000100
011000100000010111100000000100000001010000101
001010100000010011001000000100000001000000100
000000001110100000000100000000001000000100000
001000100000010011000000000100000001000000000
001010100000010011001000000100000001000000100
001010100000010011001000000100000001000000100
001000100000011111000000001100000001010000101
001000100000010011000000000100000001000000000
001010100000010011000000000100000001000000100
001000101010100000000100010000001000000100000
001010100000010011001000000100000001000000100
000000000000000001010001100100000100001010100
001000100000010011000000000100000001000000100
000000001010100000000100000000001000000100000
000000001110100000000100000000001000000100000
001000100000011111000000001100000001010000101
001010100000010011001000000100000001000000100
001010100000010011000000000100000001000000100
001000100000011111000000001100000001010000101
001010100000010011001000000100000001000000100
001010100000010011001000000100000001000000100
001010100000010011001000000100000001000000100
001010100000010011001000000100000001000000100
000000000000000001010001100100000100001010100
000000001110100000000100000000001000000100000
001000100000010111000000001100000001010000101
001000100000010011000000000100000001000000000
001000100000010011000000000100000001000000100
001010100000010011001000000100000001000000100
000000001110100000000100000000001000000100000
011000100000010111100000000100000001010000101
001000100000011111000000001100000001010000101
001010100000010011001000000100000001000000100
001000100000010011000000000100010001000000100
001100000000000001010001100110000100000000000
001010100000010011001000000100000001000000100
000000001110100000000100010000001000000100101
000000001010100000000100000000001000000100000
001000100000010011000000000100000001000000000
001010100000010011001000000100000001000000100
001000100000010111000000001100000001010000101
001010100000010011001000000100000001000000100
001000100000010111000000001100000001010000101
001000100000010011000000000100000001000000100
001010100000010011001000000100000001000000100
011000100000010111100000000100000001010000101
001010100000010011000000000100000001000000100
001000100000011111000000001100000001010000101
001010100000010011001000000100000001000000100
001010100000010011001000000100000001000000100
000000001010100000000100000000001000000100000
001010100000010011001000000100000001000000100
000000001110100000000100000000001000000100000
001010100000010011001000000100000001000000100
001010100000010011001000000100000001000000100
001000100000010111000000001100000001010000101
011000100000010111100000000100000001010000101
000000001010100000000100000000001000000100000
000000001010100000000100000000001000000100000
001000100000010011000000000100000001000000100
000000001110100000000100000000001000000100000
000000001110100000000100000000001000000100000
000000001110100000000100000000001000000100000
001000100000010011000000000100000001000000100
000000001010100000000100000000001000000100000
000000001110100000000100000000001000000100000
001100000000000001010001100100000100000000000
000000001110100000000100000000001000000100000
001000100000010011000000000100000001000000000
001010100000010011001000000100000001000000100
001010100000010011001000000100000001010000101
001000100000011111000000001100000001010000101
000000001010100000000100000000001010000100000
001010100000010011001000000100000001000000100
001000100000010111000000001100000001010000101
001100000000000001010001100100000100000000000
000000001110100000000100000000001000000100000
001010100000010011001000000100000001000000100
001010100000010011001000000100000001000000100
000000001010100000000100000000001000000100000
