ms 200 1 -t 4 -r 0 100000 
48159 28956 48824

//
segsites: 21
positions: 0.00915527343750000 0.0267028808593750 0.0534667968750000 0.284210205078125 0.306396484375000 0.321899414062500 0.349792480468750 0.386749267578125 0.401062011718750 0.439849853515625 0.484649658203125 0.507843017578125 0.562835693359375 0.605926513671875 0.612548828125000 0.623291015625000 0.758514404296875 0.842620849609375 0.863525390625000 0.942291259765625 0.997253417968750
000001010000000000000
000001010000000000000
000001010000000000000
000001010000000000000
000001010000000000000
000001010000000000000
000001010000000000000
000001010000000000000
000001010000000000000
000001010000000000000
000001010000000000000
000001010000000000000
000001010000000000000
000001010000000000000
000001010000000000000
010101010000000000000
010101010000000000000
010101010000000000000
000001010000000000000
000001010000000000000
000001010000000000000
000001010000000000000
000001010000000000000
010101010000000000000
000001010000000000000
000001010000100000000
100000101011000000000
000001010000100000000
010101010000000000000
010101010000000000000
000001010000000000000
000001010000000000000
010101010000000000000
000001010100000000000
000001010000000000000
000001010000000000000
000001010000000000000
000001010000000000000
100000101011000000000
000001010000000000000
000001010000000000000
100000001011000000000
010101010000000000000
000001010000010000000
100000001011000000000
010101010000000000000
000011010000001000000
000001010000010000000
000001010000000000000
000001010000000000000
010101010000000000000
100000001011000001000
000001010000010000000
000001010000000000000
000001010000000000000
000001010000000000000
000001010000000000000
000001010000000000000
000001010000000000000
010101010000000000000
010101010000000000000
000001010000010000000
000001010000000100010
000001010000000000000
000001010000000000000
000001010000000000000
010101010000000000000
000001010000000000000
000001010000000000000
000001010000000000000
000001010000000000000
010101010000000000000
000001010000000000000
000001010000000000000
000001010000000000000
000001010000000000000
000001010000000000000
000001010100000000000
000001010000100000000
000001010000000000000
100000001011000000000
000001010000000000000
000001010000000000000
000001010000000000000
000001010000000000000
000001010000010000000
000001010000000000000
000001010000000000000
000001010000000000000
000001010000000000000
100000001011000000000
000001010000000000000
000001010000000000000
000001010000100000000
001001010000000000000
100000001011000000000
010101010000000000000
000001010000000000000
000001010000000100010
000001010000000100010
010101010000000000000
000001010000000000000
000001010000000000000
000001010000000100010
000001010000000000000
000001010000000100010
000001010000000000000
000001010000000000000
000001010000000000000
000001010000000000000
000001010000000000000
000001010000000000000
100000101011000000000
000001010000000000000
000001010000000000000
000001010000000000000
100000001011000000000
000001010000000000000
000001010000000000000
000001010100000000000
100000001011000000000
000001010000000000000
000001010000000000000
000001010000000000000
000001010000000000000
000001010000010000000
010101010000000000000
000001010000000000000
010101010000000000000
010101010000000000000
000001010000000000000
000001010000000000000
000001010000000000000
010101010000000000000
000001010000000000100
010101010000000000000
000001010000000000000
000001010000000000000
100000001011000000000
000001010000000000000
000001010000000000000
010101010000000000000
010101010000000000000
100000101011000000000
000001010000000000000
010101010000000000000
000001010000000000000
000001010000000010000
000001010000000000000
010101010000000000000
000001010000000000000
010101010000000000000
000001010000000000000
010101010000000000000
000001010000000000000
000001010000000000000
000001010000000000100
000001010000000000000
010101010000000000000
000001010000000000000
100000001011000000000
000001010000000000000
000001010000000000000
010101010000000000000
000001010000000000000
000001010100000000000
000001010000000000000
000001010000000000000
000001010000010000000
000001010000000000000
000001010000000000000
000001010000000000000
000001010000000000000
000001010000000100010
000001010000000000000
000001010000000000000
000001010000000000000
000001010000000000001
100000101011000000000
000001010000000000000
100000001011000000000
000001010000000000000
000001010000000000000
000001010000100000000
010101010000000000000
000001010000000000000
010101010000000000000
000001010000000100010
100000001011000000000
010101010000000000000
010101010000000000000
010101010000000000000
010101010000000000000
100000101011000000000
010101010000000000000
000001010000000000000
000001010000000000000
010101010000000000000
000001010000000000000
000001010000000000000
