mpop 200 0.5 startfreq: 0.005 mu: 0.001 r: 0.001 s: 0.01 h: 0.5
81472

//
derived_sites: 6
positions: 0.026702880859375 0.284210205078125 0.3218994140625 0.386749267578125 0.5 0.562835693359375
001111
001111
001111
111100
111100
001111
111100
001111
001111
001111
111100
001111
111100
111100
001111
111100
111100
001111
001111
001111
111100
001111
001111
111100
111100
001111
001111
001111
001111
111100
111100
001111
111100
001111
001111
111100
001111
001111
111100
111100
001111
001111
111100
001111
111100
001111
111100
111100
111100
111100
111100
001111
111100
001111
001111
001111
001111
001111
111100
111100
001111
111100
001111
001111
111100
111100
001111
111100
001111
111100
111100
111100
001111
111100
001111
001111
111100
111100
001111
111100
111100
001111
111100
111100
111100
111100
111100
111100
111100
111100
001111
111100
111100
001111
111100
001111
111100
001111
111100
111100
001111
001111
111100
111100
111100
111100
001111
001111
111100
111100
111100
111100
111100
111100
001111
001111
001111
111100
111100
001111
111100
111100
111100
001111
111100
111100
001111
111100
111100
001111
001111
111100
111100
111100
001111
001111
001111
001111
001111
111100
001111
111100
001111
111100
111100
111100
111100
111100
111100
111100
111100
001111
001111
111100
111100
111100
001111
001111
001111
111100
001111
111100
111100
111100
001111
111100
001111
001111
111100
111100
111100
111100
111100
001111
111100
111100
111100
111100
111100
111100
001111
111100
001111
001111
111100
001111
111100
001111
111100
001111
001111
001111
001111
111100
001111
001111
001111
111100
001111
001111
